011001001010111110100110100101001011010000101010100011001100111000000100000100011010011001100111010001001001011101001111000000011100001101000000101110100001000100111111001100101111101010100011100101100111110100000110100101111001011100010111110111100101101110111100100000000001011111111000001101111110110110101111000101000001111010011111011101110001100011000101100111010101001100000111
100111111010000101111111010000001101001001000111011100000010001110001110101101000101010101101001001111010001110101000011101011111001101011111100100111100000000110111010100001001111010111010110000001100010100001110110011001000011000111001000100000001101100000110011100011000111101100110001000110100010111000010111111100011110001000011000010110001100001000100101010000011001101110000110
000010111010100010010001110010001111010001010111100100101011111010001110000111100010010100000011011000100001100010011000000000100000100000100000101001000000101100001110010101111101010110101010101000110110111100111000110110011011000101100001101101000010110000100001111111101001111100110001000101000110100100010010101110100101011100011101101011100010111110100010001010011100101100011110
111111001010111001110110010011100111101001000001111110110010010101100110100000011001001101111100111110100100001111001111101011011000111100001100100001011101000001011110101111010110011111110011100101100010101010001100110101110110010110110001111100011011000000000001110100011100001001100101100101011001110110011010011001000101001010010011010100011011101110010000101000101101101111011100
111111111010011100100100110100011100111000100010101100001111101101111011001010111010111000000101001011111010001000100101110110000001101000000000011010100110100011101001101010110100101100000001111100001111100001001111111101100001101101100111100111010101101001101101010011010100111000010011111111101010010000011011001000001110010111101010110000010010101010110010001101100001100100101111
110100100100100111100001010111000011010101001001101100101110000001111111110001101101111110111110010000100001110011001010111110001101000001111101001011100100101100101110001010010001000000000101011001010001100100100010101111010100001000100001111110100100010110010111000110011101011011010000110100010011001000101011011010110011001001110011100110011101110110101101000111000111101110110001
101011111000010011100100101001111011010001011100110001001101111101000000111111110001000110110110101100000100100110010110010100111011001101100001111011110110010010110011100110000100110111100101011011001111011110111010111110011100100101011001110110011100110101011011111100010100101111100000000000111010001011100101101011000011111011101110100001000001110111100110110111111100101101111001
011100010000101001000010000001011010011011100101110101011111101001001001101111110000100100011100111101111111101000001100001000000011110010001111010010000001110101111001111110000010010010100000111100111111010101011110011010011001001000110100101110001001010100111001110001000010011100011000100010010110001110010111101001000001000010010100110111111111000001101001111010011111100010110110
110100111000100001011010010010001100010011011000101001001111000111011101110001101101010011110110110101001100010110100010010010101110011110011101111101011011101111110000011100000101011000100101001001001010111100010000001000101011101110001101110001000100011101111010100000100010000000111110101110101001011110100101010001100000100110110000010001001001011011010111000110010001011110111010
001000010010011111000100011000101000110010001110001100011011011101100000010100011011111100001010111111101100110111010011000000110011101111010001111011111000110110100100001001000010000101100110010101110111111101100101000100010111011100000110100000001110010001101001011111110011001111011111010000000110001100110111110001011010111000111000011000011010101010111110110101101000011101011010
010011101001101001001111110100001110001110101010011011010000111000011101000100100100100100100000001011000011111110010111001010111001111010011011101010110101100010110110001111011100010100111001000111111011001110101100010101001101100110110101110100101110101101111111000100100111110101111110010011111011000011010011000011011110111000000001110110111001011111110101100011100011000100010111
010011110110011110001100111010001010111001111111001100011011100111111100101110101101000001001010000101011111011100011111010101101010100100010101010001111000001001010000110000001100011101111010111110001000010111101011010011111010110001110010111110100101111001100110000010100001001010110000110000101110001110110100101001110100101011110111001110101000100110101011010010111010101110010010
010000100001110011111000101010101100100101000000110001111001011110000000000111110111010110110111110100110011001111110101001001010010010110000101001101111000111001010100010000101100011110110111010101101010110111001110110110100110010101101110011000011100010000101110100001011101110101010101101100100000100100101101001111101111101000001101101100000101000000100010011111101010011110100101
111110011100101100100100100100000010110010101000101000100100000101011110110111000110101010101100010110010100011110000100111101011110111001010100001100000000110111001010011101111001000010101110010011001010101000011000100101010011001000000001110011011011100100101000110001010100100111100100001101000000000110101100100101010110110101010000011110001010110010111100111001001101011001100010
100111110001111100000000101100100011100000001011000111110011010000010001010011001111000111011101010100011011101101010111110011011001111111101000101110011100100001101111110010011101110001100010001010111100001101101110001110001111111001101010010010010110111100101000111000000110100001100011100111011110010110000100101011011011011110000111010100110111010001110001101100100110001011111010
000100101110110000110011100110001010101100001101111001101110100110100110010111011000010100111010100101011101000011110001100001101010101110000111100111110101100100110100101011111000000111000010101001101001000100101110010100000110010000001101100000101110110010111110010011100111011101000111100000010001011000111110000010001011110101011011000111010110101111111111100110001111101000111110
011100001101101000011000111001110100100011000111101110000001000110100010011000001010100010100111111110010000110011100011100100001011101100100010101010001000001111001000100110101011001111001001111111001000010100101101110001110110010001011110100101011011011110111101000000111101101010110100100111101001100110101011001010100001001111111011010000011101111100111000110101001001011101101111
111100000101001101101010110011011011000100001101101111110010110111101011011100001010001101110110000110110110010000011111000100110110001011101001011000011101111010000111001100001011100100011111110111100111111100000000011101011010110100111010010000011001010011100010001101100011010110110001000101011110100011100001100110010000010000000011111101000101111011001001001001100101101010100010
110111001001100111100101000001000010011110011010001111011000101010110110100011101011111000101111011111011111000110000010011100100001000100101001000100010110000001101100010000010100111111100110001011100100000101111011010011010100100001000110111111011110110101011101111010101010001110101101100000111010101010111100010000001111100011011010011010111011111010110111111100001110111111111001
010100001100000110111101110110110001001000101001101101011111100110010000010111111101010110110010010100100111111011101110110000011001001110111011010100101011010001101100100001010011111111000111101011101110011110110010101100000110010111101110100110000111001111011100010111010010011101110111110000110101110111010110010110001101110110100111101110010011000101100110001110111001101111101000
010100110110111011001101001111100111011101000100111011001000000101000010010011000001111111001101010101100101110010010011001110110001101100001101000000011000111101111000101110100110101011100010001110100010111010000111110000001001110011010001101000010100111111100000000110110001111101010100110001110110000001001101010111101010001101000101001110111101011011111111011110000111011111001000
010001101011010001101110111100001101111010010101000101110001011101010110010010100101101110010011101000101011011101101111010011100000000111000001010101110000100110010111011101100000101100100100010010111000001010000000011101111100000111010000010010110011101100101000110100010001101110101100000000110010110111100010100000010101100010110111100001111110100000001001111010010111010000110100
101111100101111000000111011001000101011100000001100100010101000101100000000111010111011110010000100111010100011001101110001001111110001000001110001001011010100011010010110011010101000010000101001110110110010001100110011100110111010001111111111111101111001100010000011000000111010100001011000011000100000001111101001010010110111011100011101010011000110111011100100101000111001010001000
111001010001001100010110101011011010110100100001000010001000100101110000000101001101001110001100111101001001001111010100010100010000110011001011111111001101010001000010100011011011010011111100110000111101111111001010010110011011000101111110000100011011011010100010101101100111011111110111101001010011100101001010010101000000100111000111011101011111110111101010011010101001010111111101
011111110010000101111100010001001000111111100001111011100100111100011100011011101101000010110011001101011101001011001111000111010101101001011001111111011000001000011000100011110001001111110101101110111010100100011111110101000111001000110001001111100001111011000011010010111100011010101010100011100101110111001010011101100111000101110010100000011111101011001110000000111001000000101011
001100011011100011010011110000000110100111100101001110100001011101100100101100011101011001001000110110100011000110000111011011100011010000111010000011110001010100100010100110000110001110000001010111100111001111000100001010100011000011000000000011010110010001100110110110110101010001111000110110111101101001000101000001000101010110100101000010001011010010000011100011101111101111101110
011011100001111001011100000011110011010010101110110111011110111001001111001100101111011111001001001101111100010101001111111001101101011111100010001000101001011000100010000101111000001101111100101110001011010110000000101010000101001101011100000011000000011011010011001000010100000100111010110000101000010111111001110011100100101011011101100000101000010101110101100010101100000110001110
101010110110010010011010011011111111011001111000110100000100111001111011101110010010000011000011010010110000100011011110111101000100101110000011110001111011100110000111101001110010111010111100101111100100101110100110010110011000110111101001100110111001100111010000101000100000101010100101000111011111000000011101111010000011011010011001111000101110000001010100111001111111100101001001
001100011000100101000001100001000000101001000010100010110110011010001000000101011100101101110101111001011000001010001101011001001110111011001001001110110111011101000110100110101001010101010101000111000111101111000111001110110110010111010001111011101100111110001010011110100000011100110100001000000100011111111011001011000101110101111101110100001010110111110100011101101010110110101001
010111101111011101000110110001011001111100101001100110110011111010000001001011011011000111111100000101010111011111110001100000111110101001000100001111010101100110111111100010011011001111100100000011000001111111100111001000000000100011111010111100001111110101111110010010110000010101010010111001001001001100011100010000001011010000001110011101001001000111110010110110101010011000101110
000001101101100110001001000000111000010010100000100000111010000111011011000001101000101110001000001101010101110101010011110101111000010101110001010000011110111100110010000000001010001100010111010000000110001110101110010001001011011110110110011111101101001101110100010010010101110100110011001001101110001001110011010010010011100110001110010000100101001111011111110011010101011100111110
011110010000000111101111101110100000001010110000000101110001100011111111101100110110001111000000010010110111100000100100111010111011000001110011001010110110000011000100010101100101010101000001100000100011010001111111101010010001000010111111001001000100111010000101100011110001011100011001000001001110001100110110111011010011110100000101110001100111111100010011010101100001011010101011
011101010101011101000101110001111111110110101011101100101010100100101000010101001010111111100101010111001111001101101001110000111000010000100110001111100101100100010100001100110010111000001110000001010001011001000000011101011111001100011100101100011101100111110001011111011001101111111010110000110111110001000111011001010111110100111010111001111010101001010110101101001010100010111001
110011010001101010000100101111011110100101100000100110000000100100101010111011011111010010011101010111100110110011001101101000000111101000111000000111100001011001001111111101101111001000000001011010111000110100100011010100001110100110010001100100100001101001001101000011111011100100101011010110001000000110010010000110011111101000001101101011101001100111101001001100110101101011001101
101010101011110000101010000100111110011010001001100001000011111000100000100001010000001100111001000001100110101000111010000010000011000100001000101101011001111011100110000100001011111101100101000101101100110000100000010111111101111101011101011101011010100110010100011010111010001001110001010010010111100101111100100100000011100010001110100010001011001100111100000110010111001000010011
111010011001010111110011010100100011111001110001111110111010100100000110010111100000101110011100011000110111101001111101010101001010101101011010100101110101101100011100011010010010010111101111010100111010100111011001001111110111111010000111111110101010010001010010001100110111101010000110000001100010111001011100101001011010111010111100101110111111101111111011100111011011011111100111
001110010001001100010111011011101111100000011101111100110100010001111110000110010001101100111010001001000001000101110011100111100000111110011101110111101110000101011111101111110101011110001001111111010110100101001010010001101101010011111101010100011011010111111000000001010101010010011100000011011100111001101101100010100000001011000110110110000010011010001111001110100011110010001100
110011010001010110010011000110111011001010000101011100000100111000110000100001110111101101001001111000000111011110100011001101100111101000100110010010111101101011011010000110010110110110100110000110100000010101010100100111000101101101010100110010000000000001001000001110011101100000001011100100110011010001011101101011001101111000111001000111001001111100111111100010011100000011010110
110100001011111111100001101011111101101010001001000010001000101111000110000001011101111111010101010101011011011010110100101000110111011000110010010011010010000011110100001000010101001011110100011000100010000010010001010100011110101000111001111100101001111010110000101001010110101111111010001101000111100001100001010110110011011100100100101110000101111010000000010000101001000011111011
001001000101101101011101011101111100101111011111110001011101011000100101101011011111101111010111011110110011000111110001010101111111100000110101100110111101110000110101000111111110001001111110000010011011101101101001010110100111010001101010100010000101101110001111011101000111100111101011010100110110000100111001101110111011000011110011011101011001001011010010000010100101011000110100
010011110100001111100000101010011101101001000011101111000101001111101010101100110111111111000101110010111101001011111100100010001011101111110111101011101101000000110010001000010100001000001111110100100111111011000110001110101100111000100001010000111101111111111010111011110001011010000001010111111101011001000001001101011100100111101101011110111010001000001010111011100000111001001011
111001010110100100111100011001000000010111001111000000010100110011101010001000110101110001011111001100111111001001110001001011011010110111001001101000001101011110111110010110110110010010111111000001000010111001110000110010001001001000001101000001100101111001001010001100001000000101011100110110000110111100001110010110000010110111010110100010100011000010110101000101101111110101000001
110011001000011010010001010000000101010011101101100000000010100111111100101011101100010010010011010101101000101001101110000101011100111001000010010101110101011100011111101000000100001001001110000111100110100011101001100110011011111100111111001011011100001001011100010001000101110011000001000111001101000100001010110110111100101111101111001001011101010010111100111111011000001111100001
100100000000010111001110100101111111000011000011011110100011100110001010111100110100100001010111100100001010110001110101110000101001011100000100000101001100010110111000111101001110010001010100000010100001010100011111101100010111101110111001011010000110110110100101100000001000100101001011001011101101101010110000110111011101000000011100001100010010111101100110010000011111110001100111
001000001011011111001110000000011010000011010111010010010110110111010010101010111111000100110000111100100011000100101111100010100101101101111110001110001001010001111110111010011011001001010001100001111100001101101101111011011110010010001000100010010101101111010000111010111111110000101110110111011000010101100011000100000110011001000111101011010110000010111001001100011000011011111011
011111010000100110001101000111110101001101100101100000011000001100000010010100110101110100001111101011010001110000010101011110001111000000001110100110000011001001110011001110110001001001010010011000100001010101011110100111011000010010100000001010101001100011100100110111101000111100101000010101000001110100110101011110100110011001111001101111111111000010011011010100100011110100010011
010101010101100001111111100111001100011010110010100000011110110011000000010100010010010011011001111010010110000110010110010000011101000101011100100111101011011010110000000101000001101100010101110101101100110000100110010001101110101000111100110010010001100011000010101101110011111010100111111010011001101111111100101110000011001111100000110011001101010001011011111111101101101000000010
000100100111110001100000010110010100110111001101111101111011110111100010001010110100010000011000101100111000000110100001111100101011010000010011111000100100000011111111100101110000110111101100101101010000110011001000101010100010111001110010010001000010001111110100010010010000110010100000111011110001100101100111011011110010100101100101110111001100000101000010001110101011000110011100
001001100010010001010110100000001000100001010110101011000001100010001110000000101001000000011010101010100001111100011100101000100101111010101000011010110110111010010001101011110100100011111110100001000111101000100011111011001000110110100010010001011100100000110110111010010011001110000010001101011111101001101010010001011100101111100100011000001111101001100101110101001100101001101000
010100111011010000000111010000001101111110111011001010101011001111010011011001001000000000111000100111101010010010110000001110110000101101010000001001001011000011001000100010000011010001000010001011010001101011110100010011000001110011110100001111110010111100000010001101001000010101001011000110110001101100100011110100100011000100011010010111110001111000000111101001101111011010001000
001011100111001110100110110111011100100111110100011111010000111110101101101010010101000001110100010100011000101110101101000110001000011010001011110010110011010101111011111110101011111001100110010111101011011100110101001010111010000111101000111010110000111010101100110100100101010001111000011111010101100000011110011110011111010110101110000100000001110011011111011011000110001010101010
110001110011001011111010000000011011101010101110011001011100001100001101001011100110001000010111010011000000101111101001101010111010111100011011100110111111010111010100110111111111010000100000101100001100010110110110011111110011001000001111001101010000110110000011001100100010000011100011001101000011000111011001100011001101000001101010101010110001111010111110000000101110011011100110
000101111001011001011101001101010001100001110110111101101000110000001110011101100000101000000101111001100101011010101010010100111010011001001101111000100110001101101001100101101100110010001101110011100110110001101010110010111010101010010001001110011000111011011011010010011110001000011010000010111000001111000000010101111010000101000010100000100011111000110010100111010000101101100001
101001010001100001011111011011100000001100111111001111001111011011010101100000101100111110111101010001000100110110110010001011101101000011101001101100110100011100000111100110000100111011000010111011100010001010111001111111101011111000011011001011001110111000111100111011100110000101000100010110011100000001011111111110101000101011010110111101110110111100001101000001100111011011111010
110000101101001101100011111000111110110001110110010010100000000010111101110001111101110010011101101101110101111110111001011000010101000001011000010000001011011111011100010001010111100001100001111011010011101011000001011010000001101100110101001010111100101000101101101010101011011000011110010011101000001011110110001111101010110101011011001010100011011001110101100000011100110111111100
110011000110011110110010011110001111101100000101101011100010000000010101101110010001011110101111110000011011110100101111001111101001111010101100000110000011111110111110010001101011111011100010000010100100111001100100010100111010001000110101011100010011010110110101011000001110111010000100011000000100111011000111100101011101100110111011000011001011110010010100001001101000100110100011
111100110010011011101000010010011011111110000000111100001110110001011001100011100111010010010001000000001111100100011100110101100100010001100010101000001001000111111001000010110111010110010101000011011100111110101100111001010111000010110011001110000000101011001101000000100100101111011001101110100010001101100110001110001100100000110001000001001110000011100110010110100001100100000011
100101110111000100110100001111010001110100110110010000010111010010101101100111001011100100100001010111000110000100001010100000010110100111000100011111100100010011100100000111000010010001100110000000011001111100011011111101010000000011100100100010101111100010011001101111110001001111001000000001011101110101001000000100001010001110001111110110001100101100000111100111011110111101001101
110001000110011101011100110100111110010100011101101001101111101110110010011011001111100011001001111010100111111111010110000000111110101010100101111101010000001100011110111100100101010110100010001101001010111010000001101111100110000010010001111011000110010010011101100000111001101000011000001110110010000000100101010100100001101010000011110011100010111001101111010001110111101010000001
101101111001001011110100110111011110111110001011101101000010000010011000010111001110011101110001011010101000010110101010010111000101100110011101110010111101010000111001010000111110111010001010111011100000011110110110001110001011010001110000101100011000000010001010111000010111011110000010111010100001111100101001100000000111111011101011101101000000100011000011101000001101010111001011
110000000100010001010000000110011011000000000101111010111101111110111010000011010011111010101110111011010101011110101111101111010101011011001100101011000110000111001100011010011000100011011100000101010000100111111011010001011001100101000001100111101100111001111011101100000011011101001001111100101011101000110111001101011111100100010101001000000010001100110111000000101111001100110010
001000111000001001000011001101001010010010010011110110001111001110001101001011111001101001101100001010101110000110110111100011100110010111111110110001110100011100111101101111010010010110011010011101110010000111000101010010101101001001001000000111100001001000001001011001100000001001101011110111011100001001000001011011011111001100110111011010010000101101111111010001000110010010000001
011010010110101100000101111110101011010010100010100100110010010001010011101011011101110110101110010100100011111011000100010001110010011001101100111100111100110101010101101000110110000001001101111001010101001011011000110100110001001111100000001110100100111000100100010110001010011100100100101001100010001010010100100111000110010111000010110101111111100101010010001001111110011101100010
111001111111010001100010111101100011000101110001111111001111011100011001010111010111111010010001010101110010100111110000000010111010011100001101111110111111100100110001111111111001011110011001000000000100011011110011101001101111000101001000111011010010011001111010111111110011011100011010110001001101001001101001000111110110000000100000101001011001000101111001110110011001110110110101
010100010001111000101111010000101110010000001111100110010011001101100111010101010111101100000100010101010011000000011111010101100000100101011001100011011001010010111101111001100110001101011111000101110011000101111010110000110011101010101101100001111010101100110011101111011011101000000000100110000101001010100101101101010100010111101010011001110010001101010001000000010001010011110100
110001100010001011100110100111010101001011010100110000000111010010010101110000100111111111110111100011100101001011110111101101101101000001111010101010011010111000000100101000000101101111000110001001101100111010101010100110010100101000110101111111001111111001110110010100011011101110100010001010010010101010101000010110101001101111010101000000111100100111001000001111010110110010010110
011111000010100010110101101011110101010011011000010110011111001011011101000001010101110101000000000001011111100111001110110001101011011110011000011111111001001111010111000011100010101010111110111001010110101110101001000100000000111010111111101011000000110101010100001001001010101001001010101100111111100011000101110011110111010100000001010001010101011100000100111111010100101110111110
000101111100100111100101100011010010001111101110100010000000000111100001111000010100101111011100100101110000010010001110001001111101000001001000011110000001100011011101000111001010100011111101001101001011110100010100110000111101010110011111110010001001110001100100110000011011110110110011100001110000011001011110000111110011010000001101001101111000100001010011000110001011001110111011
