011001001110111010100001110011100011000110110100110011011101101001111101111010000001110011111100000011101011001000110000100111001000111011010001001011001010000100101101101010111011010100111110011010111001101001011101000100111000000101101011100101001011011011010011101111101101010110010010000100101001110000000001010000011001000011111101011000111100011000001111100011000001001110011010
011001001110111010100001110011100011000110110100110011011101101001111101111010000001110011111100000011101011001000110000100111001000111011010001001011001010000100101101101010111011010100111110011010111001101001011101000100111000000101101011100101001011011011010011101111101101010110010010000100101001110000000001010000011001000011111101011000111100011000001111100011000001001110011010
011001001110111010100001110011100011000110110100110011011101101001111101111010000001110011111100000011101011001000110000100111001000111011010001001011001010000100101101101010111011010100111110011010111001101001011101000100111000000101101011100101001011011011010011101111101101010110010010000100101001110000000001010000011001000011111101011000111100011000001111100011000001001110011010
011001001110111010100001110011100011000110110100110011011101101001111101111010000001110011111100000011101011001000110000100111001000111011010001001011001010000100101101101010111011010100111110011010111001101001011101000100111000000101101011100101001011011011010011101111101101010110010010000100101001110000000001010000011001000011111101011000111100011000001111100011000001001110011010
011001001110111010100001110011100011000110110100110011011101101001111101111010000001110011111100000011101011001000110000100111001000111011010001001011001010000100101101101010111011010100111110011010111001101001011101000100111000000101101011100101001011011011010011101111101101010110010010000100101001110000000001010000011001000011111101011000111100011000001111100011000001001110011010
011001001110111010100001110011100011000110110100110011011101101001111101111010000001110011111100000011101011001000110000100111001000111011010001001011001010000100101101101010111011010100111110011010111001101001011101000100111000000101101011100101001011011011010011101111101101010110010010000100101001110000000001010000011001000011111101011000111100011000001111100011000001001110011010
011001001110111010100001110011100011000110110100110011011101101001111101111010000001110011111100000011101011001000110000100111001000111011010001001011001010000100101101101010111011010100111110011010111001101001011101000100111000000101101011100101001011011011010011101111101101010110010010000100101001110000000001010000011001000011111101011000111100011000001111100011000001001110011010
011001001110111010100001110011100011000110110100110011011101101001111101111010000001110011111100000011101011001000110000100111001000111011010001001011001010000100101101101010111011010100111110011010111001101001011101000100111000000101101011100101001011011011010011101111101101010110010010000100101001110000000001010000011001000011111101011000111100011000001111100011000001001110011010
011001001110111010100001110011100011000110110100110011011101101001111101111010000001110011111100000011101011001000110000100111001000111011010001001011001010000100101101101010111011010100111110011010111001101001011101000100111000000101101011100101001011011011010011101111101101010110010010000100101001110000000001010000011001000011111101011000111100011000001111100011000001001110011010
011001001110111010100001110011100011000110110100110011011101101001111101111010000001110011111100000011101011001000110000100111001000111011010001001011001010000100101101101010111011010100111110011010111001101001011101000100111000000101101011100101001011011011010011101111101101010110010010000100101001110000000001010000011001000011111101011000111100011000001111100011000001001110011010
011001001110111010100001110011100011000110110100110011011101101001111101111010000001110011111100000011101011001000110000100111001000111011010001001011001010000100101101101010111011010100111110011010111001101001011101000100111000000101101011100101001011011011010011101111101101010110010010000100101001110000000001010000011001000011111101011000111100011000001111100011000001001110011010
011001001110111010100001110011100011000110110100110011011101101001111101111010000001110011111100000011101011001000110000100111001000111011010001001011001010000100101101101010111011010100111110011010111001101001011101000100111000000101101011100101001011011011010011101111101101010110010010000100101001110000000001010000011001000011111101011000111100011000001111100011000001001110011010
011001001110111010100001110011100011000110110100110011011101101001111101111010000001110011111100000011101011001000110000100111001000111011010001001011001010000100101101101010111011010100111110011010111001101001011101000100111000000101101011100101001011011011010011101111101101010110010010000100101001110000000001010000011001000011111101011000111100011000001111100011000001001110011010
011001001110111010100001110011100011000110110100110011011101101001111101111010000001110011111100000011101011001000110000100111001000111011010001001011001010000100101101101010111011010100111110011010111001101001011101000100111000000101101011100101001011011011010011101111101101010110010010000100101001110000000001010000011001000011111101011000111100011000001111100011000001001110011010
011001001110111010100001110011100011000110110100110011011101101001111101111010000001110011111100000011101011001000110000100111001000111011010001001011001010000100101101101010111011010100111110011010111001101001011101000100111000000101101011100101001011011011010011101111101101010110010010000100101001110000000001010000011001000011111101011000111100011000001111100011000001001110011010
011001001110111010100001110011100011000110110100110011011101101001111101111010000001110011111100000011101011001000110000100111001000111011010001001011001010000100101101101010111011010100111110011010111001101001011101000100111000000101101011100101001011011011010011101111101101010110010010000100101001110000000001010000011001000011111101011000111100011000001111100011000001001110011010
011001001110111010100001110011100011000110110100110011011101101001111101111010000001110011111100000011101011001000110000100111001000111011010001001011001010000100101101101010111011010100111110011010111001101001011101000100111000000101101011100101001011011011010011101111101101010110010010000100101001110000000001010000011001000011111101011000111100011000001111100011000001001110011010
011001001110111010100001110011100011000110110100110011011101101001111101111010000001110011111100000011101011001000110000100111001000111011010001001011001010000100101101101010111011010100111110011010111001101001011101000100111000000101101011100101001011011011010011101111101101010110010010000100101001110000000001010000011001000011111101011000111100011000001111100011000001001110011010
011001001110111010100001110011100011000110110100110011011101101001111101111010000001110011111100000011101011001000110000100111001000111011010001001011001010000100101101101010111011010100111110011010111001101001011101000100111000000101101011100101001011011011010011101111101101010110010010000100101001110000000001010000011001000011111101011000111100011000001111100011000001001110011010
011001001110111010100001110011100011000110110100110011011101101001111101111010000001110011111100000011101011001000110000100111001000111011010001001011001010000100101101101010111011010100111110011010111001101001011101000100111000000101101011100101001011011011010011101111101101010110010010000100101001110000000001010000011001000011111101011000111100011000001111100011000001001110011010
011001001110111010100001110011100011000110110100110011011101101001111101111010000001110011111100000011101011001000110000100111001000111011010001001011001010000100101101101010111011010100111110011010111001101001011101000100111000000101101011100101001011011011010011101111101101010110010010000100101001110000000001010000011001000011111101011000111100011000001111100011000001001110011010
011001001110111010100001110011100011000110110100110011011101101001111101111010000001110011111100000011101011001000110000100111001000111011010001001011001010000100101101101010111011010100111110011010111001101001011101000100111000000101101011100101001011011011010011101111101101010110010010000100101001110000000001010000011001000011111101011000111100011000001111100011000001001110011010
011001001110111010100001110011100011000110110100110011011101101001111101111010000001110011111100000011101011001000110000100111001000111011010001001011001010000100101101101010111011010100111110011010111001101001011101000100111000000101101011100101001011011011010011101111101101010110010010000100101001110000000001010000011001000011111101011000111100011000001111100011000001001110011010
011001001110111010100001110011100011000110110100110011011101101001111101111010000001110011111100000011101011001000110000100111001000111011010001001011001010000100101101101010111011010100111110011010111001101001011101000100111000000101101011100101001011011011010011101111101101010110010010000100101001110000000001010000011001000011111101011000111100011000001111100011000001001110011010
011001001110111010100001110011100011000110110100110011011101101001111101111010000001110011111100000011101011001000110000100111001000111011010001001011001010000100101101101010111011010100111110011010111001101001011101000100111000000101101011100101001011011011010011101111101101010110010010000100101001110000000001010000011001000011111101011000111100011000001111100011000001001110011010
011001001110111010100001110011100011000110110100110011011101101001111101111010000001110011111100000011101011001000110000100111001000111011010001001011001010000100101101101010111011010100111110011010111001101001011101000100111000000101101011100101001011011011010011101111101101010110010010000100101001110000000001010000011001000011111101011000111100011000001111100011000001001110011010
011001001110111010100001110011100011000110110100110011011101101001111101111010000001110011111100000011101011001000110000100111001000111011010001001011001010000100101101101010111011010100111110011010111001101001011101000100111000000101101011100101001011011011010011101111101101010110010010000100101001110000000001010000011001000011111101011000111100011000001111100011000001001110011010
011001001110111010100001110011100011000110110100110011011101101001111101111010000001110011111100000011101011001000110000100111001000111011010001001011001010000100101101101010111011010100111110011010111001101001011101000100111000000101101011100101001011011011010011101111101101010110010010000100101001110000000001010000011001000011111101011000111100011000001111100011000001001110011010
011001001110111010100001110011100011000110110100110011011101101001111101111010000001110011111100000011101011001000110000100111001000111011010001001011001010000100101101101010111011010100111110011010111001101001011101000100111000000101101011100101001011011011010011101111101101010110010010000100101001110000000001010000011001000011111101011000111100011000001111100011000001001110011010
011001001110111010100001110011100011000110110100110011011101101001111101111010000001110011111100000011101011001000110000100111001000111011010001001011001010000100101101101010111011010100111110011010111001101001011101000100111000000101101011100101001011011011010011101111101101010110010010000100101001110000000001010000011001000011111101011000111100011000001111100011000001001110011010
011001001110111010100001110011100011000110110100110011011101101001111101111010000001110011111100000011101011001000110000100111001000111011010001001011001010000100101101101010111011010100111110011010111001101001011101000100111000000101101011100101001011011011010011101111101101010110010010000100101001110000000001010000011001000011111101011000111100011000001111100011000001001110011010
011001001110111010100001110011100011000110110100110011011101101001111101111010000001110011111100000011101011001000110000100111001000111011010001001011001010000100101101101010111011010100111110011010111001101001011101000100111000000101101011100101001011011011010011101111101101010110010010000100101001110000000001010000011001000011111101011000111100011000001111100011000001001110011010
011001001110111010100001110011100011000110110100110011011101101001111101111010000001110011111100000011101011001000110000100111001000111011010001001011001010000100101101101010111011010100111110011010111001101001011101000100111000000101101011100101001011011011010011101111101101010110010010000100101001110000000001010000011001000011111101011000111100011000001111100011000001001110011010
011001001110111010100001110011100011000110110100110011011101101001111101111010000001110011111100000011101011001000110000100111001000111011010001001011001010000100101101101010111011010100111110011010111001101001011101000100111000000101101011100101001011011011010011101111101101010110010010000100101001110000000001010000011001000011111101011000111100011000001111100011000001001110011010
011001001110111010100001110011100011000110110100110011011101101001111101111010000001110011111100000011101011001000110000100111001000111011010001001011001010000100101101101010111011010100111110011010111001101001011101000100111000000101101011100101001011011011010011101111101101010110010010000100101001110000000001010000011001000011111101011000111100011000001111100011000001001110011010
011001001110111010100001110011100011000110110100110011011101101001111101111010000001110011111100000011101011001000110000100111001000111011010001001011001010000100101101101010111011010100111110011010111001101001011101000100111000000101101011100101001011011011010011101111101101010110010010000100101001110000000001010000011001000011111101011000111100011000001111100011000001001110011010
011001001110111010100001110011100011000110110100110011011101101001111101111010000001110011111100000011101011001000110000100111001000111011010001001011001010000100101101101010111011010100111110011010111001101001011101000100111000000101101011100101001011011011010011101111101101010110010010000100101001110000000001010000011001000011111101011000111100011000001111100011000001001110011010
011001001110111010100001110011100011000110110100110011011101101001111101111010000001110011111100000011101011001000110000100111001000111011010001001011001010000100101101101010111011010100111110011010111001101001011101000100111000000101101011100101001011011011010011101111101101010110010010000100101001110000000001010000011001000011111101011000111100011000001111100011000001001110011010
011001001110111010100001110011100011000110110100110011011101101001111101111010000001110011111100000011101011001000110000100111001000111011010001001011001010000100101101101010111011010100111110011010111001101001011101000100111000000101101011100101001011011011010011101111101101010110010010000100101001110000000001010000011001000011111101011000111100011000001111100011000001001110011010
011001001110111010100001110011100011000110110100110011011101101001111101111010000001110011111100000011101011001000110000100111001000111011010001001011001010000100101101101010111011010100111110011010111001101001011101000100111000000101101011100101001011011011010011101111101101010110010010000100101001110000000001010000011001000011111101011000111100011000001111100011000001001110011010
011001001110111010100001110011100011000110110100110011011101101001111101111010000001110011111100000011101011001000110000100111001000111011010001001011001010000100101101101010111011010100111110011010111001101001011101000100111000000101101011100101001011011011010011101111101101010110010010000100101001110000000001010000011001000011111101011000111100011000001111100011000001001110011010
011001001110111010100001110011100011000110110100110011011101101001111101111010000001110011111100000011101011001000110000100111001000111011010001001011001010000100101101101010111011010100111110011010111001101001011101000100111000000101101011100101001011011011010011101111101101010110010010000100101001110000000001010000011001000011111101011000111100011000001111100011000001001110011010
011001001110111010100001110011100011000110110100110011011101101001111101111010000001110011111100000011101011001000110000100111001000111011010001001011001010000100101101101010111011010100111110011010111001101001011101000100111000000101101011100101001011011011010011101111101101010110010010000100101001110000000001010000011001000011111101011000111100011000001111100011000001001110011010
011001001110111010100001110011100011000110110100110011011101101001111101111010000001110011111100000011101011001000110000100111001000111011010001001011001010000100101101101010111011010100111110011010111001101001011101000100111000000101101011100101001011011011010011101111101101010110010010000100101001110000000001010000011001000011111101011000111100011000001111100011000001001110011010
011001001110111010100001110011100011000110110100110011011101101001111101111010000001110011111100000011101011001000110000100111001000111011010001001011001010000100101101101010111011010100111110011010111001101001011101000100111000000101101011100101001011011011010011101111101101010110010010000100101001110000000001010000011001000011111101011000111100011000001111100011000001001110011010
011001001110111010100001110011100011000110110100110011011101101001111101111010000001110011111100000011101011001000110000100111001000111011010001001011001010000100101101101010111011010100111110011010111001101001011101000100111000000101101011100101001011011011010011101111101101010110010010000100101001110000000001010000011001000011111101011000111100011000001111100011000001001110011010
011001001110111010100001110011100011000110110100110011011101101001111101111010000001110011111100000011101011001000110000100111001000111011010001001011001010000100101101101010111011010100111110011010111001101001011101000100111000000101101011100101001011011011010011101111101101010110010010000100101001110000000001010000011001000011111101011000111100011000001111100011000001001110011010
011001001110111010100001110011100011000110110100110011011101101001111101111010000001110011111100000011101011001000110000100111001000111011010001001011001010000100101101101010111011010100111110011010111001101001011101000100111000000101101011100101001011011011010011101111101101010110010010000100101001110000000001010000011001000011111101011000111100011000001111100011000001001110011010
011001001110111010100001110011100011000110110100110011011101101001111101111010000001110011111100000011101011001000110000100111001000111011010001001011001010000100101101101010111011010100111110011010111001101001011101000100111000000101101011100101001011011011010011101111101101010110010010000100101001110000000001010000011001000011111101011000111100011000001111100011000001001110011010
011001001110111010100001110011100011000110110100110011011101101001111101111010000001110011111100000011101011001000110000100111001000111011010001001011001010000100101101101010111011010100111110011010111001101001011101000100111000000101101011100101001011011011010011101111101101010110010010000100101001110000000001010000011001000011111101011000111100011000001111100011000001001110011010
011001001110111010100001110011100011000110110100110011011101101001111101111010000001110011111100000011101011001000110000100111001000111011010001001011001010000100101101101010111011010100111110011010111001101001011101000100111000000101101011100101001011011011010011101111101101010110010010000100101001110000000001010000011001000011111101011000111100011000001111100011000001001110011010
011001001110111010100001110011100011000110110100110011011101101001111101111010000001110011111100000011101011001000110000100111001000111011010001001011001010000100101101101010111011010100111110011010111001101001011101000100111000000101101011100101001011011011010011101111101101010110010010000100101001110000000001010000011001000011111101011000111100011000001111100011000001001110011010
011001001110111010100001110011100011000110110100110011011101101001111101111010000001110011111100000011101011001000110000100111001000111011010001001011001010000100101101101010111011010100111110011010111001101001011101000100111000000101101011100101001011011011010011101111101101010110010010000100101001110000000001010000011001000011111101011000111100011000001111100011000001001110011010
011001001110111010100001110011100011000110110100110011011101101001111101111010000001110011111100000011101011001000110000100111001000111011010001001011001010000100101101101010111011010100111110011010111001101001011101000100111000000101101011100101001011011011010011101111101101010110010010000100101001110000000001010000011001000011111101011000111100011000001111100011000001001110011010
011001001110111010100001110011100011000110110100110011011101101001111101111010000001110011111100000011101011001000110000100111001000111011010001001011001010000100101101101010111011010100111110011010111001101001011101000100111000000101101011100101001011011011010011101111101101010110010010000100101001110000000001010000011001000011111101011000111100011000001111100011000001001110011010
011001001110111010100001110011100011000110110100110011011101101001111101111010000001110011111100000011101011001000110000100111001000111011010001001011001010000100101101101010111011010100111110011010111001101001011101000100111000000101101011100101001011011011010011101111101101010110010010000100101001110000000001010000011001000011111101011000111100011000001111100011000001001110011010
011001001110111010100001110011100011000110110100110011011101101001111101111010000001110011111100000011101011001000110000100111001000111011010001001011001010000100101101101010111011010100111110011010111001101001011101000100111000000101101011100101001011011011010011101111101101010110010010000100101001110000000001010000011001000011111101011000111100011000001111100011000001001110011010
011001001110111010100001110011100011000110110100110011011101101001111101111010000001110011111100000011101011001000110000100111001000111011010001001011001010000100101101101010111011010100111110011010111001101001011101000100111000000101101011100101001011011011010011101111101101010110010010000100101001110000000001010000011001000011111101011000111100011000001111100011000001001110011010
011001001110111010100001110011100011000110110100110011011101101001111101111010000001110011111100000011101011001000110000100111001000111011010001001011001010000100101101101010111011010100111110011010111001101001011101000100111000000101101011100101001011011011010011101111101101010110010010000100101001110000000001010000011001000011111101011000111100011000001111100011000001001110011010
011001001110111010100001110011100011000110110100110011011101101001111101111010000001110011111100000011101011001000110000100111001000111011010001001011001010000100101101101010111011010100111110011010111001101001011101000100111000000101101011100101001011011011010011101111101101010110010010000100101001110000000001010000011001000011111101011000111100011000001111100011000001001110011010
011001001110111010100001110011100011000110110100110011011101101001111101111010000001110011111100000011101011001000110000100111001000111011010001001011001010000100101101101010111011010100111110011010111001101001011101000100111000000101101011100101001011011011010011101111101101010110010010000100101001110000000001010000011001000011111101011000111100011000001111100011000001001110011010
011001001110111010100001110011100011000110110100110011011101101001111101111010000001110011111100000011101011001000110000100111001000111011010001001011001010000100101101101010111011010100111110011010111001101001011101000100111000000101101011100101001011011011010011101111101101010110010010000100101001110000000001010000011001000011111101011000111100011000001111100011000001001110011010
011001001110111010100001110011100011000110110100110011011101101001111101111010000001110011111100000011101011001000110000100111001000111011010001001011001010000100101101101010111011010100111110011010111001101001011101000100111000000101101011100101001011011011010011101111101101010110010010000100101001110000000001010000011001000011111101011000111100011000001111100011000001001110011010
011001001110111010100001110011100011000110110100110011011101101001111101111010000001110011111100000011101011001000110000100111001000111011010001001011001010000100101101101010111011010100111110011010111001101001011101000100111000000101101011100101001011011011010011101111101101010110010010000100101001110000000001010000011001000011111101011000111100011000001111100011000001001110011010
011001001110111010100001110011100011000110110100110011011101101001111101111010000001110011111100000011101011001000110000100111001000111011010001001011001010000100101101101010111011010100111110011010111001101001011101000100111000000101101011100101001011011011010011101111101101010110010010000100101001110000000001010000011001000011111101011000111100011000001111100011000001001110011010
011001001110111010100001110011100011000110110100110011011101101001111101111010000001110011111100000011101011001000110000100111001000111011010001001011001010000100101101101010111011010100111110011010111001101001011101000100111000000101101011100101001011011011010011101111101101010110010010000100101001110000000001010000011001000011111101011000111100011000001111100011000001001110011010
011001001110111010100001110011100011000110110100110011011101101001111101111010000001110011111100000011101011001000110000100111001000111011010001001011001010000100101101101010111011010100111110011010111001101001011101000100111000000101101011100101001011011011010011101111101101010110010010000100101001110000000001010000011001000011111101011000111100011000001111100011000001001110011010
011001001110111010100001110011100011000110110100110011011101101001111101111010000001110011111100000011101011001000110000100111001000111011010001001011001010000100101101101010111011010100111110011010111001101001011101000100111000000101101011100101001011011011010011101111101101010110010010000100101001110000000001010000011001000011111101011000111100011000001111100011000001001110011010
