111001010100111000011000110100101101101101101010011111001111001101100110101110101110001111011101011101111000101101111001101100100101101101101111110111000110010110001010011011001110000110100011101010111111011111101101001101101010011110111001111010111011111000000000101010111101110000110000100100001011011011110100010010111011001011010010100110100000110000100011011010111100100100101101
000010101111000101110110001011101110011101111101100010010001101011001000101111101011100010111110001001000111010011111110111101001111011010100011110111010101001001010110111111111111101000001111110001110111101101111111001111011011100000100100110111110010011001011100010001100010010001100110111101100000000110010001100000111101110010000111001010100011010001111001111111000000111111110100
111010000110011001001010110011111101100110111010011111100000100011001100001011011011000111110110001101111011100011010101010000101001011110011101000000000000100110001101100011101011100001101100101101000100001011110111111011001100101010101101101100111100010110011011111000010100110101000100010100110001101100101101010101100110011100100111001110011100001111001000001100010011110100001000
010000101110100010000011111011011011010111100110010101110101101001110101110111010001111010110001001001010010010001111011010111110011000000000100100010010111000110011101101110011101111110011010101010101101110110000000101100101110100010010100000001100111110010111100011001100100101000011101110100010101110111001100101110011110011000010011101111001101011011101000111111000001111101101001
111001000000110110100000111110101111101101100010100111111110001100011100101101101010000101110100101101101001010100001011111101000011101001110000010001011000000100011000100101001101101101000011001001010110100101101110111111111000100010000000000101100111001100110101011011010001101011001110010110110010100011111100010110110110100001010111010001100111011011011000111010010000000110101010
110011011001100000100000110111110011011011011011011010000111001001100010111100010100100111000110111110000101011101111011000111101000000000110101001101000110110100100100111011111100001111111011000010111101111101010001110010101001010110010111001101100100010010101010111101111010100111110111011001001001110001111001011110010111100010000110101000000110111111000001011011011101001001001000
001110001010101111110001101110011100100011011110001101110000000111001001100001101101101010010010111100101001110100010011111000101000110000010011110110011100001011001010110111010000001111010010011101010110111001001011100101111001001101000101111111010101000010000110010001000100100011010111100010110110000011011010100110010000010100011011111110111111010011110110110100101100100110100000
110111000101111110011111000001010100010111000101110110101000101100111100110100010110001001011100110000100011111011111100111100011010111110111111011001101001101101001101000111001011110010111010010010000000100100011110110110001100110011101011011100111010101100010011111010101100110001000000101001011001111100010110000100000000001011010011001000010100101010001101110010100011000111001101
001001010011000110111111000010110011000011110010111111011111101101010111000111110110110111010001000110101001000010001100000111111111101111100000010000101101000110000000001110011000000110011101011000000000101001110010100001110010011011101110000100110110110101010000001111011010100111010000011001010010000000001000101101011011000110100011111111001000111111001101110001011010101110011000
101010011100110111110011100111110111010110011001001100000000100010111111010001000101000100111100111100100010111011100100010011100101001001110000001001010101101110000000010110101101010101011110000111000001010011110001110011011011001000110101110000101010001101101000111000110011110010100100000011100100001010101010110101000100011111101110110111100100110100110101001101011110111101011010
001000010110101000011110000110000110110010101111110010010110100111111011011101100110001010001011101111000100111001001100011000100101001100011000000000010101000001101011010111101100011100101011011011011010000100110001101111100001101110111001100010100000111111101110011101110000111100010010100001111010011100010111101001111101111101111001000100000010110101001111001111111011101100111011
101110111010101000100110101100010000001011111001010000011010100001111101101101111111101110011110111011001011011110101010100011101100100110101010001001000011000110111000001111111110100101100100111010010110101111101110100001001011000001011000111010111110111000011010011101010001000101010000111101011110001000000111100100111101110010100001000100010100101000111011111001111110100010001011
111101100101110100001000000001000101110100000011110010001001001011001000110001100010111000011101000000111111111101100010000010011111100111011101001011110000000000110110000000101100110111011000101110111100101010010001101000000010001001110001101010000011001110011100001110011011001011000010010011110101111000101110001110100001110001100111101101111001111111001000110100011110001110111011
100110000011001011111100100010101010111001011001001010010111111100101101001110000100000101010010011100101000010101100010000010011101011001010011000001110001001100011011111000111101001100001101110010010001011101001011001000001101111001011001111011010111011100111100110100101011100110111100111111001010100011110011111101011101001100011100110101110101010011111011101011100010001111011011
101100110100001110000111011101010000100001000111110110011000011001000010101101110011001111000000111001110011001101110110111011001100000111010100100001001100101110010100101000000000100000100111100011011101110001000010100010111011100101011010101110100001111000010100100110111111000101111100100111011011000001011101000000000101010110001010010001000110000001110000101000111011011100111000
100001011010101110101001011010010111101111110001101000001000111111011110100111010010110111111010110010101000110111010001010001101000100001000100100010011101100110011000110101100100101110000110000011100000000000010000101001000110111100011000011011111000001010110111001111001010000001110101010110000001111111100101001110000110001111000110000101001110111000100110011100000111100000110011
111111010001010101001011100000001010100111110110100111010001010011110100011001000111000110111110001110000101111010101110011100000001010101010100010100010011001101110000011100101111001010001100100100111110100100100111010000001011001001010000101001100000111011001010110110101101100110111000100110010000111111011110011010000010000111001000111010110111000011010111000101110011111110100100
001111011011011110101100011110001100001101101101111001111101100000010111011000001100111101101110011001000100000110100010111111111111000001010100100111011010010111111010001011011011011110001100001110010000011010000100101000001111001010001111000110000100110011000111000100000101100001110101111000011110011000010101001101100100101101111110001000011011010111111000010000011001010010111111
101101110010000010000010001111011011011111100010010010000001000000101011101100111110111101100010101001111110001000100100100101011001111000111110111111101101110100011101001111100011010000100010010110010111011000100110010001011100001110010101011001010110100000110001111001001010001010111100100000001000001111100000010000000001011001001000100010111111010001010010010000010011110010111110
100110101010011101101010110100111001000100111011100000010001110000101011001011110010011101010111101010101010000001011101001111100010100110001111111110101001101011001111100011111010101001001101011100000010100001000100010100110011000111000110101110011011010110100100110101000001011010110110100100101000110100111001010011111000111010010100101010000111011101101011000111101100001110111001
001011101100101110100101110100001010000011001001011111110110101001111011001101000000110011100010000000010100001100101010100111000100000000001100000000011011001000111001000000110010111101111100110111110001111011101100110111010101000111111111000111101111010111011000100011110011011110010011000000010111111010001110100011111011110010001110100101010101011101001000010011111000110000011011
010101110101000001000111100011000000001111001110110101000011000011011110100101101101101100100101110110000110110110101111000111111110110011011011100100110010111111110000001001011110000011001100001000100010000001110011110001010101001011010110000010111111110101011100010001011011101110110001010100001010100110101100101101101011101110010100111101011101100001110011110100000110010110110111
000000110111100000111110111111111110000111101101001010101100001001010110101110010011101011111110111010001110101101111110001001000001010001111010101100100101100001010101100100100011100110010001001111101001101001010011101110001110110110101100011100001100111101000010000001000011011010001100000000000010101111010011000011001011001100000010000010111001011001000111100011110100011101011111
011110010100000101011011000000111100111000001010101011101100011010101001011110010011100001101000111110000110001011101100001001100110100110000111000011101110010100101010000011011010000001111110001011111101001101001101101101100110011110011000001011100001111100100111010000100101101010001011100101111101000001010010100111000001001011001001101001110011110100011001101110000001001111100011
011111011010000000100000011111111001110011111001100101100111111001101110110010011100011011000101111001001000010101000010101010100010101101111001001000011110000001001000000101110111111101000101110110001010000000011001010011010110011010110011000101011010101011000101101100110010100011100100110101001000100101010001000101100110110110011111101101001101010101100001010100001111110110111110
101111010110010011100110111100110110000100111100111101011110101111011000010001001000000111110010110110110110011110011011000101100101110010010111001100110100101110101101101110010110111001110100100100100011011001101011010101101011101000000100001100101010111001111011000001110110011110100110100001010101110000000101010100111100100111000010110111111110010010100110010101011101111000001100
100001111010011111110100111010000011111011100100101110011000010001010010110100101011100010011110110110010100110110000100111110000110001111000000000110110001111100001101110001111111100010111010010011011000111110001001101010110100011000101011101100001101010011101010010100011111010010000101110011010111011011000100101100101110111111100101001000101011001001101000110000010101101000100100
101101011001010111110011000010001001100000100011000011011100000110111010101010001010101000001101010000110101011101101110100010110000011001111101000001000100011111000011110100000111000111101000100000101111001100100110011111001101111100011001110101111010011110011001111111011111001010001100110001101110111000110111010111011011011001011001011100010000001111010010101101011111011011100001
011100101111111001101001100111001100001101101101101010010001000110001100100000101011000001001111110000111000001110001100001100001000101010101011111010110100101010001110010111001111110101111000100110101100110001101010011000111001111100100010000100000001000000100101111010000000011001100100011110001001111001100100001001000011000100000110010001101110101110010011101100111111101011110100
001011100101001101000101100110101001110011011111101000010010001001001010111011011000111001001010000011111101110001100000101110010001101101001010000001011110001001110001100111111011100001100101000101111101001101111110000010100110000100111100100110010011110100100010000100011010110110101000110100010100100101101111010111001110111110111100010101111001001000110111001011010110100000000000
000000101111011101101101000011011111001000100011000001001010000001010100011110011001111101101101001110011100000111100011100110100101010010000010001011101111110111001101101110010000010101000111110100010110001001011001111010000100100001010000011011110001000111100011011100111001110100110100000111111111000011010110110001110111101000100110100101011001110100010000100001000010111001111000
100110001100010001100010111101111100010100110011100111000111111010010111010101100110000101100101001111100110001110110100110011010110111111001100011001111000111000110000011101001010001010100110111000000111101001000111111110100111101010010101101101101110000000001011011000101111010011110111100101010000000010000111100111111111001100000110100101110011100001001111001110011110010111010110
000010100101010001011100101100110110010100111111011001011000010110100011111110101010110110101011010011011001110011111001101101010001111101111101011001110111011100100011000000101001110111000001110101011111011110001110010111010100000001110110101001111101110110010000110000100111011101111111010100001000111110010010000111111110011100101010000001110011001110010111111010100110011111000010
100000111110101010101001001001100000110101110111010010110101100110011101100011001001001000000100110110010111110100110111101011011100111000111001001101011010110100000011101111001000011110100111000100110100001010011010110010001111011110010110011010010110111100101101000001001011011010011000010101110011111111011000110011110011101010010110010010010011011100101011011000001001110110010011
011101111110101001101111001100011111101100010000111100100011110000111100111110111101011010110010110101001000110101100101110110010001000111110001010001010110110001010110101001101101100001111000011111111011001000110000011111111011000100111101110010111111001010001100010111010101110111011100010011010100010101111111101011001001001001001100001100100001001111001011111010010011110111111100
111101100010100001000001111010111101011111101110010000010011010111001110000000011100010101101110100010001111101001111101000000001001101110111011111010101110110101111110110111100010001110011101011101100111111110011010101101100001110001011000010001000110000110010100111110000000111011011101101010100000011001111001101100111001001000111111010110011011000100100111111110000100101110000011
101100100000111111111110000000100111010111001101000100100001000111110101000110001000100000010110011011010000000111111001011001010101000100010011001111010000010110001110001011001010110000010001110011011101010001000000000110111010111000100000111001100010111010110011101000010011101111110100111000111101101000100110101110010011011010111001010001101000100000100110111001000111100111100101
011010000010010001000110011010000000110011111010101011011001000100001011010111011010011101001101011110111100101011011000001100000010110101001010100111001001111111111010110101001101110010101001010000011100100111111011001001000101000001111011111011011000100100100011001011111001011100011001111011000110111110101010011000000001100110111001101101000010100110010100000010010101101011110110
010011110111110011100001101100011010110001010000001101111111001011011100000000111111000101011001001111111101101100110100000110000000101001001001110010100100010101001100111101110111011010100010111001110010101100101110001001010110001110000011001001001100001110111000000100011000111011110101000011010000001111010010111011010010010010110010111111111001000100100000101010110001100001100010
001111100100011011011001011110010000000011101000000111000100101111010010100001001001111110110111110011110011010110111110111011101111111110010101001010101001000111011001010101000110100111000110111100111010001111110111110100110111011000111110001000110001010110101111101011110110001011001011100001001001011011111101100110000000010010001110111000100011110101010010000110010001001110110001
100111111000110000000011101011010100111100101010111100110110101000011011001111101110000110000000010100100001101011000100111101000110000101011011001101000000000001011001100101000001001000011110101111101001101110011011011101000111011001111010001011100000000100111111000010010000010101111011101011010111011110010010101011110011010010101001111100010011000101000101010101111110110011110010
100110110010001110011100101001000110011010111101111000001011001010111111111011011101001001110111111010001010110101010010110110000000100111001111001010100101001100000001011001100011101111100001010011001100010001111010110000001101111111010011111000100111110011011100011011001010000011100100110101100101110111010101010011000101010000011111011011111010001001111011111010110111111110011010
010111111010010110101100100110100001001100010011011010011101101110110111010000011001100111111010100111011001000000101100001100111101110101000110010011101101000000010011010001111010110010000000010001101011101100110110011001001001000100100011111000101001010000001000101100111111101111100110110101110110100011110010011110101010101111011101010101011001111011101111110011000101010101010010
100100110111111000000101111001001010000110111001111111011100010111100010001011001000100110101000001010111011001011001101001111000110100001111000111010110100101011101101100110101100010100110101110110010011101011101000111011010000100010110110000101011111110101000110001000101001000010000110110011010000101100110101101101011100000111110000110001011100110000000001110101101110110010011110
101100101001110001010010101110111110000100101100011111001010101011101000111011101111101001001111100110110110001001101001010000101101010111100000100001001101110001110011110100111110111111110000000111110001000001010001011110111000001110111001100101000100011010101110100100011110001010110111001101100101101011001110010111100011100110111111000011000100100100000010101011001001001101010111
101011001110001011011011011000000110000101010011101101111000110100011100111000010101000101110100101101101010001010011000011001111010111101011101110111000001110000000000010101000000000100010000001011111001000101001110001010101011001001010000011010011111101000000101010111011100100101010110111111000010100010011101101001111011000011001111100000101101101100001111011111110011110001001010
