00010201
00010F00
01031701
01011301
01020900
01010D00
01020901
01010001
01030900
00000901
00000600
02030200
03030201
03041200
02031301
01010001
01010D00
01031401
01021301
01020200
00011701
00021000
01020900
00021700
00011500
00011301
00011001
01020300
04040A00
00021401
01020501
01010100
01010501
04061300
02031401
00030B01
00030301
01010000
03040A00
01030201
02020200
05070301
04051600
01030C01
02020100
00011601
02030300
01020F00
02031600
02031300
00030301
00011700
00031501
00011200
01010500
04050B01
00020100
02031001
01020501
01010201
03050F00
01021401
01021701
01011001
03030600
03050200
00000101
01031300
01040B01
01030C01
03060B01
03030101
01030601
02030100
03030B01
01060901
00031601
01020D01
03030A00
02060300
01031200
00010100
01030000
01031700
00030201
00011500
00011200
02020C00
03040501
01011300
02030B00
00021700
03030901
00031300
03030201
00030B01
00020900
03030000
01030300
01021200
01021500
00010D01
01030301
00000500
01020000
01010A01
00011500
00000A00
00010500
03030500
01020D01
00030300
01020500
02020B00
03030501
00010100
00021600
01020D01
00000600
01010300
02030C00
03041401
01010001
03031201
00010D01
00000A00
03051701
01020601
01010300
01020101
00010100
01010500
01030200
03030A00
02030B00
01020000
00030600
01010301
02030201
01010100
01030600
01010901
00020601
01010D01
03030F01
01041201
02031000
01050F00
00030300
01030001
01021401
00011601
00011300
01020100
02030001
05060901
02030B00
03031501
00010300
01010B01
01030600
03030000
00000B00
00011700
01030C00
01030901
00021400
01010600
00011001
00000101
02031500
01040B01
00000F01
01030601
01021200
01010901
02030000
02040F01
00010100
01050100
02030100
02030F01
01020600
00010C01
01011401
01021601
03030101
00011300
01010C01
03030D00
01021701
01031701
00021301
02020201
03030F00
01010301
00021001
02030300
01020D00
02031201
02031000
00010500
00031000
04050A01
00000000
01021500
02030A00
01030200
00011300
01010001
01010901
01010000
02020900
01030C00
00030C01
03031701
00010F00
02020301
00011700
03041701
01010600
02020600
01010500
00000200
02020901
01010F01
01021701
00031001
00030300
00010000
00010501
00000300
02030A01
01030A00
01010601
03040901
01010B01
01030501
00010A00
01010200
00000B00
03031401
01020C01
01030201
01010B00
01041600
01010C00
03030000
00010301
03050000
05061201
01010B00
00020601
02020D01
00031200
00030501
01021300
02030001
00021401
03030601
00010A00
01010601
00010501
02020C00
03031500
00011001
00010300
01021401
00010901
02020300
01020A00
00010300
00010301
02030901
01011301
03040000
04040100
03060B00
03030100
01030600
03060100
02031200
01010B01
03040001
01021701
01030000
01061301
00010C00
01030F00
01020B01
01021301
02031701
01031400
02020200
02030301
01010F00
00011001
03041600
01020301
03030D01
00010F01
00021201
02050000
00010901
01031500
02061000
01010001
01030901
02020C01
03041401
01010F01
02051500
03050900
01030C00
01020201
00031401
00010F01
01020601
02031500
00000601
00010D00
02031501
00030F01
00020900
01030300
01020000
01030200
01021000
00040501
01021701
01020300
00031401
01010500
03030301
00010300
01021201
01030201
02020D00
01031401
01030601
03040501
02020001
00020900
00011301
01011201
00011001
01010100
00010900
01031700
01030901
00010900
00020F00
00031500
05050601
00000301
02020200
03030000
01031200
02051201
01030C01
02031700
03031700
04040C00
01010201
00031301
04061301
01010901
01040F00
01010D00
05071500
01011200
02031601
00031200
01010000
01021201
01020D01
00010201
00000A01
00000301
03060A00
00020000
00000201
00020301
02020F00
