100110011
000010011
000110010
101110001
010110101
011011000
100111101
100100000
001101101
000010001
101100101
011010111
001101010
011110010
010110100
101001010
101011010
000000001
000000000
001001100
001001100
001001001
100100000
010010000
101001011
101001011
010110010
100100111
101010110
011011001
001100011
101100010
001110010
101001011
001110000
000000000
000000000
000000000
011001101
011111010
101001000
101001100
100000000
010100001
100001011
010100000
000111111
010000001
011001000
001011000
000110101
010000011
011110000
011001101
000001101
000000000
000000000
100010100
001010111
000000000
100010011
011000111
010011001
000111000
010000100
100110001
011100111
101010101
011010100
100110000
100101100
100001111
000100111
101100101
000000001
000000000
101001100
010110101
000000000
011000011
000001110
001110011
010100110
011110001
000110011
010011101
000000000
100010110
100000001
000000001
101011111
001011100
011111101
000010010
011100001
000000000
000001001
000111110
100111100
101001101
100100010
001110010
000000000
100110011
010110011
010100101
000010010
000100111
011100000
101110000
001000011
010101010
000000000
101101110
011101000
101000001
010000101
000111001
100101111
000111111
001010010
000000000
001100101
101010011
100010010
001101111
101111111
101100010
000000000
000110000
001100110
000001000
000101111
010111100
101001110
001110011
000000000
001001101
010111010
010101110
011101000
000110010
001001010
000000000
100111001
010110001
100001010
001110011
101110010
000000000
010001110
011111000
010001001
001011001
101011011
000001100
000000000
011110001
000000010
011010010
100111110
000110111
100001101
000000000
000001101
101010010
000111001
100100001
000111001
000000000
100000100
100101111
001010001
101100110
101110111
000000000
010000010
010100011
100011000
010000100
000000100
000000000
010010001
011010101
101011000
011110010
011000101
000000000
010111011
011001110
100001000
101010101
000111011
000000000
011001101
001100110
101001000
011010101
001100001
000000000
000011110
000001011
011101001
000010110
000000000
000011000
001011001
000111101
000011011
000000000
100101010
010011110
011101011
101010011
011101010
000000000
001001000
000010001
101111111
100111000
000000000
001000111
001010001
001001100
010001000
000000000
011000010
011000010
001100101
000000000
011011110
000010011
011110100
100010010
000000000
011111100
000000101
010010011
001001110
000000000
010011111
011100101
100000100
001011010
000000000
001100100
011010111
100000010
100000000
000000000
001100110
011001001
010101111
100011111
000000000
101000011
000001000
101101001
001101001
000000000
011100110
010010100
011001010
100111000
000000000
101000000
101001111
000000010
100001010
000000000
011010010
100111001
100101001
000010101
000000000
100001101
001010010
001110011
000000000
010111001
010110001
100100001
011010110
000000000
100000010
001011101
101011010
100101001
000000000
010101111
000100101
100111000
000000000
000110100
100111010
010001011
100100000
000000000
001110001
000001110
011011010
000000000
001110001
010000100
001110010
010101000
000000000
001010000
001001110
010100011
100010010
000000000
010000111
010010101
000001111
000000000
