0 856 858
1 1296 1299
2 1736 1740
3 2176 2180
4 2616 2621
5 3056 3062
6 3496 3502
7 3936 3943
8 4376 4384
9 4816 4824
10 5256 5265
11 5696 5705
12 6136 6146
13 6576 6587
14 7016 7027
15 7746 7747
16 8024 8026
17 8302 8304
18 8580 8583
19 8858 8862
20 9136 9141
21 9414 9420
22 9692 9698
23 9970 9977
24 10248 10256
25 10526 10535
26 10804 10814
27 11082 11092
28 11360 11371
29 11638 11650
30 11840 11840
31 11751 11752
32 11662 11663
33 11573 11575
34 11484 11486
35 11395 11398
36 11306 11309
37 11217 11221
38 11128 11132
39 11039 11044
40 10950 10955
41 10861 10867
42 10772 10778
43 10683 10690
44 10594 10601
45 10643 10644
46 10774 10775
47 10905 10907
48 11036 11038
49 11167 11169
50 11298 11300
51 11429 11431
52 11560 11563
53 11691 11694
54 11822 11825
55 11953 11956
56 12084 12087
57 12215 12219
58 12346 12350
59 12477 12481
60 12473 12472
61 12333 12332
62 12193 12192
63 12053 12053
64 11913 11913
65 11773 11773
66 11633 11633
67 11493 11493
68 11353 11353
69 11213 11213
70 11073 11073
71 10933 10933
72 10793 10793
73 10653 10653
74 10513 10513
75 10597 10598
76 10821 10822
77 11045 11047
78 11269 11272
79 11493 11496
80 11717 11721
81 11941 11946
82 12165 12170
83 12389 12395
84 12613 12619
85 12837 12844
86 13061 13069
87 13285 13293
88 13509 13518
89 13733 13743
90 13711 13713
91 13457 13460
92 13203 13206
93 12949 12952
94 12695 12698
95 12441 12444
96 12187 12190
97 11933 11936
98 11679 11683
99 11425 11429
100 11171 11175
101 10917 10921
102 10663 10667
103 10409 10413
104 10155 10159
105 10097 10098
106 10289 10290
107 10481 10483
108 10673 10675
109 10865 10867
110 11057 11060
111 11249 11252
112 11441 11444
113 11633 11637
114 11825 11829
115 12017 12021
116 12209 12214
117 12401 12406
118 12593 12599
119 12785 12791
120 12584 12584
121 12185 12185
122 11786 11787
123 11387 11388
124 10988 10989
125 10589 10590
126 10190 10191
127 9791 9792
128 9392 9393
129 8993 8994
130 8594 8595
131 8195 8196
132 7796 7797
133 7397 7398
134 6998 6999
135 6429 6431
136 6259 6262
137 6089 6093
138 5919 5924
139 5749 5755
140 5579 5586
141 5409 5417
142 5239 5248
143 5069 5078
144 4899 4909
145 4729 4740
146 4559 4571
147 4389 4402
148 4219 4233
149 4049 4064
150 3730 3731
151 3566 3568
152 3402 3404
153 3238 3241
154 3074 3077
155 2910 2914
156 2746 2750
157 2582 2587
158 2418 2423
159 2254 2260
160 2090 2096
161 1926 1933
162 1762 1769
163 1598 1606
164 1434 1442
165 1281 1282
166 1284 1285
167 1287 1288
168 1290 1291
169 1293 1294
170 1296 1297
171 1299 1300
172 1302 1304
173 1305 1307
174 1308 1310
175 1311 1313
176 1314 1316
177 1317 1319
178 1320 1322
179 1323 1325
180 1503 1506
181 1680 1683
182 1857 1861
183 2034 2038
184 2211 2216
185 2388 2393
186 2565 2571
187 2742 2748
188 2919 2926
189 3096 3103
190 3273 3281
191 3450 3458
192 3627 3636
193 3804 3813
194 3981 3990
195 4091 4092
196 4014 4015
197 3937 3939
198 3860 3863
199 3783 3787
200 3706 3710
201 3629 3634
202 3552 3558
203 3475 3482
204 3398 3405
205 3321 3329
206 3244 3253
207 3167 3177
208 3090 3101
209 3013 3024
210 2636 2637
211 2324 2325
212 2012 2014
213 1700 1703
214 1388 1391
215 1076 1080
216 764 769
217 452 457
218 140 146
219 -172 -165
220 -484 -477
221 -796 -788
222 -1108 -1099
223 -1420 -1411
224 -1732 -1722
225 -1884 -1884
226 -1735 -1734
227 -1586 -1584
228 -1437 -1435
229 -1288 -1285
230 -1139 -1135
231 -990 -986
232 -841 -836
233 -692 -687
234 -543 -537
235 -394 -387
236 -245 -238
237 -96 -88
238 53 62
239 202 211
240 334 336
241 309 312
242 284 287
243 259 262
244 234 237
245 209 213
246 184 188
247 159 163
248 134 139
249 109 114
250 84 89
251 59 65
252 34 40
253 9 15
254 -16 -9
255 60 61
256 154 156
257 248 250
258 342 345
259 436 440
260 530 535
261 624 629
262 718 724
263 812 819
264 906 914
265 1000 1008
266 1094 1103
267 1188 1198
268 1282 1293
269 1376 1387
270 1116 1118
271 752 755
272 388 391
273 24 28
274 -340 -336
275 -704 -699
276 -1068 -1063
277 -1432 -1427
278 -1796 -1790
279 -2160 -2154
280 -2524 -2517
281 -2888 -2881
282 -3252 -3244
283 -3616 -3608
284 -3980 -3972
285 -4374 -4373
286 -4412 -4410
287 -4450 -4448
288 -4488 -4485
289 -4526 -4523
290 -4564 -4560
291 -4602 -4598
292 -4640 -4635
293 -4678 -4673
294 -4716 -4710
295 -4754 -4748
296 -4792 -4785
297 -4830 -4823
298 -4868 -4860
299 -4906 -4898
300 -5154 -5153
301 -5372 -5370
302 -5590 -5588
303 -5808 -5806
304 -6026 -6023
305 -6244 -6241
306 -6462 -6458
307 -6680 -6676
308 -6898 -6894
309 -7116 -7111
310 -7334 -7329
311 -7552 -7547
312 -7770 -7764
313 -7988 -7982
314 -8206 -8200
315 -8393 -8391
316 -8368 -8366
317 -8343 -8340
318 -8318 -8315
319 -8293 -8289
320 -8268 -8263
321 -8243 -8238
322 -8218 -8212
323 -8193 -8186
324 -8168 -8161
325 -8143 -8135
326 -8118 -8109
327 -8093 -8084
328 -8068 -8058
329 -8043 -8032
330 -8021 -8022
331 -8037 -8037
332 -8053 -8053
333 -8069 -8068
334 -8085 -8084
335 -8101 -8099
336 -8117 -8114
337 -8133 -8130
338 -8149 -8145
339 -8165 -8160
340 -8181 -8176
341 -8197 -8191
342 -8213 -8206
343 -8229 -8222
344 -8245 -8237
345 -8293 -8293
346 -8334 -8333
347 -8375 -8373
348 -8416 -8413
349 -8457 -8453
350 -8498 -8493
351 -8539 -8533
352 -8580 -8573
353 -8621 -8613
354 -8662 -8653
355 -8703 -8693
356 -8744 -8733
357 -8785 -8773
358 -8826 -8813
359 -8867 -8853
360 -8932 -8930
361 -8970 -8968
362 -9008 -9005
363 -9046 -9042
364 -9084 -9080
365 -9122 -9117
366 -9160 -9155
367 -9198 -9192
368 -9236 -9229
369 -9274 -9267
370 -9312 -9304
371 -9350 -9341
372 -9388 -9379
373 -9426 -9416
374 -9464 -9454
375 -9545 -9544
376 -9598 -9596
377 -9651 -9649
378 -9704 -9701
379 -9757 -9754
380 -9810 -9807
381 -9863 -9859
382 -9916 -9912
383 -9969 -9964
384 -10022 -10017
385 -10075 -10070
386 -10128 -10122
387 -10181 -10175
388 -10234 -10227
389 -10287 -10280
390 -10173 -10171
391 -10011 -10009
392 -9849 -9847
393 -9687 -9685
394 -9525 -9523
395 -9363 -9361
396 -9201 -9199
397 -9039 -9037
398 -8877 -8875
399 -8715 -8713
400 -8553 -8551
401 -8391 -8389
402 -8229 -8227
403 -8067 -8065
404 -7905 -7903
405 -7790 -7789
406 -7838 -7837
407 -7886 -7885
408 -7934 -7934
409 -7982 -7982
410 -8030 -8030
411 -8078 -8078
412 -8126 -8126
413 -8174 -8174
414 -8222 -8222
415 -8270 -8270
416 -8318 -8318
417 -8366 -8367
418 -8414 -8415
419 -8462 -8463
420 -8727 -8728
421 -8945 -8945
422 -9163 -9161
423 -9381 -9378
424 -9599 -9595
425 -9817 -9812
426 -10035 -10029
427 -10253 -10246
428 -10471 -10463
429 -10689 -10680
430 -10907 -10896
431 -11125 -11113
432 -11343 -11330
433 -11561 -11547
434 -11779 -11764
435 -11946 -11944
436 -11909 -11907
437 -11872 -11870
438 -11835 -11833
439 -11798 -11796
440 -11761 -11759
441 -11724 -11722
442 -11687 -11685
443 -11650 -11648
444 -11613 -11611
445 -11576 -11574
446 -11539 -11537
447 -11502 -11500
448 -11465 -11462
449 -11428 -11425
450 -11234 -11232
451 -11078 -11076
452 -10922 -10920
453 -10766 -10764
454 -10610 -10608
455 -10454 -10452
456 -10298 -10296
457 -10142 -10140
458 -9986 -9984
459 -9830 -9828
460 -9674 -9672
461 -9518 -9516
462 -9362 -9360
463 -9206 -9204
464 -9050 -9048
465 -8974 -8973
466 -9056 -9055
467 -9138 -9137
468 -9220 -9219
469 -9302 -9300
470 -9384 -9382
471 -9466 -9464
472 -9548 -9546
473 -9630 -9628
474 -9712 -9709
475 -9794 -9791
476 -9876 -9873
477 -9958 -9955
478 -10040 -10037
479 -10122 -10118
480 -10112 -10110
481 -10022 -10019
482 -9932 -9929
483 -9842 -9838
484 -9752 -9748
485 -9662 -9657
486 -9572 -9567
487 -9482 -9477
488 -9392 -9386
489 -9302 -9296
490 -9212 -9205
491 -9122 -9115
492 -9032 -9024
493 -8942 -8934
494 -8852 -8843
495 -8749 -8750
496 -8746 -8746
497 -8743 -8743
498 -8740 -8740
499 -8737 -8736
500 -8734 -8733
501 -8731 -8730
502 -8728 -8727
503 -8725 -8723
504 -8722 -8720
505 -8719 -8717
506 -8716 -8713
507 -8713 -8710
508 -8710 -8707
509 -8707 -8703
510 -8711 -8712
511 -8723 -8723
512 -8735 -8735
513 -8747 -8746
514 -8759 -8758
515 -8771 -8769
516 -8783 -8781
517 -8795 -8792
518 -8807 -8804
519 -8819 -8815
520 -8831 -8827
521 -8843 -8838
522 -8855 -8850
523 -8867 -8862
524 -8879 -8873
525 -8687 -8685
526 -8488 -8485
527 -8289 -8285
528 -8090 -8086
529 -7891 -7886
530 -7692 -7686
531 -7493 -7486
532 -7294 -7287
533 -7095 -7087
534 -6896 -6887
535 -6697 -6687
536 -6498 -6488
537 -6299 -6288
538 -6100 -6088
539 -5901 -5888
540 -5886 -5885
541 -6083 -6081
542 -6280 -6277
543 -6477 -6474
544 -6674 -6670
545 -6871 -6866
546 -7068 -7062
547 -7265 -7258
548 -7462 -7455
549 -7659 -7651
550 -7856 -7847
551 -8053 -8043
552 -8250 -8239
553 -8447 -8436
554 -8644 -8632
555 -8398 -8397
556 -7968 -7966
557 -7538 -7535
558 -7108 -7105
559 -6678 -6674
560 -6248 -6243
561 -5818 -5812
562 -5388 -5381
563 -4958 -4950
564 -4528 -4519
565 -4098 -4089
566 -3668 -3658
567 -3238 -3227
568 -2808 -2796
569 -2378 -2365
570 -1621 -1621
571 -1308 -1308
572 -995 -996
573 -682 -683
574 -369 -370
575 -56 -57
576 257 256
577 570 569
578 883 882
579 1196 1195
580 1509 1508
581 1822 1821
582 2135 2134
583 2448 2447
584 2761 2760
585 2670 2669
586 2266 2265
587 1862 1862
588 1458 1458
589 1054 1055
590 650 651
591 246 248
592 -158 -156
593 -562 -559
594 -966 -963
595 -1370 -1366
596 -1774 -1770
597 -2178 -2173
598 -2582 -2577
599 -2986 -2981
600 -3573 -3572
601 -3761 -3759
602 -3949 -3947
603 -4137 -4134
604 -4325 -4322
605 -4513 -4509
606 -4701 -4697
607 -4889 -4884
608 -5077 -5072
609 -5265 -5260
610 -5453 -5447
611 -5641 -5635
612 -5829 -5822
613 -6017 -6010
614 -6205 -6197
615 -6430 -6430
616 -6476 -6475
617 -6522 -6521
618 -6568 -6566
619 -6614 -6611
620 -6660 -6656
621 -6706 -6702
622 -6752 -6747
623 -6798 -6792
624 -6844 -6837
625 -6890 -6883
626 -6936 -6928
627 -6982 -6973
628 -7028 -7018
629 -7074 -7064
630 -7142 -7142
631 -7175 -7175
632 -7208 -7207
633 -7241 -7240
634 -7274 -7273
635 -7307 -7306
636 -7340 -7339
637 -7373 -7371
638 -7406 -7404
639 -7439 -7437
640 -7472 -7470
641 -7505 -7503
642 -7538 -7536
643 -7571 -7568
644 -7604 -7601
645 -7567 -7566
646 -7499 -7497
647 -7431 -7429
648 -7363 -7361
649 -7295 -7293
650 -7227 -7224
651 -7159 -7156
652 -7091 -7088
653 -7023 -7019
654 -6955 -6951
655 -6887 -6883
656 -6819 -6814
657 -6751 -6746
658 -6683 -6678
659 -6615 -6609
660 -6769 -6770
661 -6998 -6998
662 -7227 -7227
663 -7456 -7456
664 -7685 -7684
665 -7914 -7913
666 -8143 -8142
667 -8372 -8370
668 -8601 -8599
669 -8830 -8828
670 -9059 -9056
671 -9288 -9285
672 -9517 -9514
673 -9746 -9742
674 -9975 -9971
675 -10736 -10734
676 -11271 -11268
677 -11806 -11802
678 -12341 -12336
679 -12876 -12871
680 -13411 -13405
681 -13946 -13939
682 -14481 -14473
683 -15016 -15008
684 -15551 -15542
685 -16086 -16076
686 -16621 -16610
687 -17156 -17145
688 -17691 -17679
689 -18226 -18213
690 -18767 -18766
691 -18786 -18784
692 -18805 -18803
693 -18824 -18821
694 -18843 -18840
695 -18862 -18858
696 -18881 -18877
697 -18900 -18895
698 -18919 -18914
699 -18938 -18932
700 -18957 -18951
701 -18976 -18969
702 -18995 -18988
703 -19014 -19006
704 -19033 -19025
705 -18954 -18952
706 -18863 -18861
707 -18772 -18770
708 -18681 -18679
709 -18590 -18588
710 -18499 -18497
711 -18408 -18406
712 -18317 -18315
713 -18226 -18224
714 -18135 -18133
715 -18044 -18042
716 -17953 -17951
717 -17862 -17860
718 -17771 -17769
719 -17680 -17678
720 -17773 -17771
721 -17957 -17954
722 -18141 -18137
723 -18325 -18320
724 -18509 -18504
725 -18693 -18687
726 -18877 -18870
727 -19061 -19053
728 -19245 -19237
729 -19429 -19420
730 -19613 -19603
731 -19797 -19787
732 -19981 -19970
733 -20165 -20153
734 -20349 -20336
735 -20248 -20248
736 -19977 -19977
737 -19706 -19705
738 -19435 -19434
739 -19164 -19163
740 -18893 -18891
741 -18622 -18620
742 -18351 -18348
743 -18080 -18077
744 -17809 -17806
745 -17538 -17534
746 -17267 -17263
747 -16996 -16991
748 -16725 -16720
749 -16454 -16449
750 -16388 -16388
751 -16600 -16599
752 -16812 -16811
753 -17024 -17022
754 -17236 -17233
755 -17448 -17444
756 -17660 -17655
757 -17872 -17867
758 -18084 -18078
759 -18296 -18289
760 -18508 -18500
761 -18720 -18711
762 -18932 -18922
763 -19144 -19134
764 -19356 -19345
765 -19739 -19737
766 -19920 -19918
767 -20101 -20098
768 -20282 -20279
769 -20463 -20460
770 -20644 -20641
771 -20825 -20822
772 -21006 -21003
773 -21187 -21184
774 -21368 -21364
775 -21549 -21545
776 -21730 -21726
777 -21911 -21907
778 -22092 -22088
779 -22273 -22269
780 -22696 -22695
781 -22942 -22941
782 -23188 -23186
783 -23434 -23432
784 -23680 -23677
785 -23926 -23923
786 -24172 -24168
787 -24418 -24414
788 -24664 -24659
789 -24910 -24905
790 -25156 -25150
791 -25402 -25396
792 -25648 -25641
793 -25894 -25887
794 -26140 -26132
795 -26684 -26683
796 -26990 -26989
797 -27296 -27294
798 -27602 -27599
799 -27908 -27905
800 -28214 -28210
801 -28520 -28516
802 -28826 -28821
803 -29132 -29127
804 -29438 -29432
805 -29744 -29737
806 -30050 -30043
807 -30356 -30348
808 -30662 -30654
809 -30968 -30959
810 -31442 -31440
811 -31618 -31615
812 -31794 -31790
813 -31970 -31966
814 -32146 -32141
815 -32322 -32316
816 -32498 -32491
817 -32674 -32667
818 -32850 -32842
819 -33026 -33017
820 -33202 -33192
821 -33378 -33368
822 -33554 -33543
823 -33730 -33718
824 -33906 -33893
825 -34331 -34329
826 -34592 -34589
827 -34853 -34849
828 -35114 -35109
829 -35375 -35370
830 -35636 -35630
831 -35897 -35890
832 -36158 -36150
833 -36419 -36410
834 -36680 -36670
835 -36941 -36931
836 -37202 -37191
837 -37463 -37451
838 -37724 -37711
839 -37985 -37971
840 -38200 -38199
841 -38168 -38167
842 -38136 -38134
843 -38104 -38102
844 -38072 -38069
845 -38040 -38037
846 -38008 -38004
847 -37976 -37972
848 -37944 -37939
849 -37912 -37907
850 -37880 -37874
851 -37848 -37842
852 -37816 -37809
853 -37784 -37777
854 -37752 -37745
855 -37691 -37690
856 -37670 -37669
857 -37649 -37647
858 -37628 -37626
859 -37607 -37604
860 -37586 -37583
861 -37565 -37561
862 -37544 -37539
863 -37523 -37518
864 -37502 -37496
865 -37481 -37475
866 -37460 -37453
867 -37439 -37431
868 -37418 -37410
869 -37397 -37388
870 -37306 -37306
871 -37246 -37246
872 -37186 -37186
873 -37126 -37125
874 -37066 -37065
875 -37006 -37005
876 -36946 -36945
877 -36886 -36884
878 -36826 -36824
879 -36766 -36764
880 -36706 -36703
881 -36646 -36643
882 -36586 -36583
883 -36526 -36522
884 -36466 -36462
885 -36288 -36287
886 -36173 -36171
887 -36058 -36056
888 -35943 -35941
889 -35828 -35825
890 -35713 -35710
891 -35598 -35595
892 -35483 -35480
893 -35368 -35364
894 -35253 -35249
895 -35138 -35134
896 -35023 -35018
897 -34908 -34903
898 -34793 -34788
899 -34678 -34673
900 -34354 -34353
901 -34150 -34149
902 -33946 -33944
903 -33742 -33740
904 -33538 -33536
905 -33334 -33332
906 -33130 -33127
907 -32926 -32923
908 -32722 -32719
909 -32518 -32515
910 -32314 -32310
911 -32110 -32106
912 -31906 -31902
913 -31702 -31698
914 -31498 -31493
915 -31114 -31113
916 -30939 -30938
917 -30764 -30762
