000100010011011011101001011010010100101110100101101011110000001111011010001011111001100001000010100101010100101110011010000100101100110000011011110011110100010110001101100011001001001011000111001000011010011000110110110101100001100110100001101100011101111011000001110101110100001011000111001010101110101111101000001101000111011100010000010100011000100101110011100010111011011101100111
110010110011110100000010100011100010101100110110111010110110010010001111110011011011000000000001110011110111100010101001000111011100000101010001100100110011001000111010001010000011000100110001111101010001000011011001000110011001100101011101100111111100001000100001011101000011111010011110001000001111111110101101110110011111010001000000101000110010011101111100001000001000011010010000
000001011001010001011110011011110100110110110010000100110011110000011011101001100010110100111111001010101100111011011000111111101101000000101011001000001001101111000000000001000000110000101010010000101011001111100100111010010101000010010010011011001011000110010001110100000101000000100000001110100101001101000110011101010100110110111010110000110000100100101111110001100010000001000101
101111100010110011101011010100111000110101110101111000011000100100000111101110010111011110000010100101101100001110110101110000111111000001111101110101100000001111010000011010111010011001001011111111111000001101001001000011000111010010001100110101101000100110000000111011001010000110111101001111111010100101100111101101000111101010101000110100110010011000001100110010010111000101010100
100111100010010110001110110010100010011010001100111101101101010100110010100101010101000001010111011110011011101111001101100110011110010010100101101010101100101001001001111001011110001011111001000110110000111110110011010010101010010001000000000010001011100011010110010001110001000000111001101001011111100011100110000010110110110000011101000100001001000100100010001110100000000100000010
001110000001100101110000100101001110110000011111000000010011101111011101101011101001111111001110110111010110111111010110100001011110000110111000010011001011111000011010101100000010111101001001000000011100110110010011000100111000000110001110011011001100001111111110001010111110000101110010011001010011101100100001110001001011011010001010001111010001100101111111110110110001010101001111
101000101011101100111010011000000000011111100010100001010100111110100010110001001111011010010110101111000010001101000101111111110110101110010110110100010101000100100010000000101001111010100001011001010100110011001011101001001000111100110110000101100001001011111111101010101011000000101111000100000100011100011101110011111001110000101001100011011100001110000101010110101111001010001010
111010100001001000100110011110010111110001001111001100001010011010011010000010110101100100101110100010110101000110111001000111111001010100101100011111000011011010010000110000000110000000100100111110011011111101001011011110111000010110011001011010110101110001110001110101001001101001110001101010110010000110010011110001111100010001110011000100000011111001110100101001111001110101111001
010011101010100000011100001010110101010101111011011011011010011111100111010001100011000111010100100100000101011100100000111001000010110000110100110011000001111010010110011110110101111011011010001000010110101011110110111010110010100110001000101010001010101101010101110110101111111011111111011010011111011000000100110100100110000001010010000111000111111001000000111111010101100000001111
100001000110101010101000111111111110011000110000001001100000100010000011010111110011001110110100111100000101001010101111000000011111011111111110110110100111010000011110101101110100111010001011101111111011011110110010000100101111011100000111100110101111010101001101111001011110101111101101101011011010100011001001100101100011101111101010001111110111011100011001110001111001011000110100
100111111000010111110010000011110010001010101010111110000111000011111100011110001111001011000000011000100110111011001101101101111000001100001100100001110010110000101111110000101000100000111011110100111011100110000000000100011001101100110100001111000001010101111001101000011001000010101111110110000111000001010010111110100101010100001100111110110010111110011111010101000001111101010011
010011000111001011010110101001100010100000111100011111001000001100111110111111011110001101010110101001100110111000100001110001010100101111011101111110100110101010111110010101110001000001011110001101110111110000010100000000110110001001100011100110010011110111010110011011110000110111111111101011110110010111000000000011110001101010000111111001110101001101001011000110000100011110111110
011001000101011011001001111010100111000100001000111010001010100111000010000001101000100000000110010111010001001111001001010110000011110011001101010001101101001011000000101101001100110101101100011110100011100011001100011010100110010000001100000101001110010111001011010011101010011000100000100100110011010011101111011011001010000011111100110101010010100101010011110011011010101110011100
101011111111101011111011000010100110100010100011110010101110000010111111000001010010111001101111101011100001001011110001010100100010010010111011000011010111100111010010101110110111000000111100101011011110010001010000110101000100100101101011110010000010110000111110111101110111110101110101011001111001110000000001111010001101011000110010110110010101100110000010110110101100100111111001
010010010000110100100011101111010011000011111101111111110011000011011100101111010010100100100000111000101110000100110000101001010111100101001100010101010011010000110001011100001101110001001011100000110010010101111011000010111111101101001110111001001110010001100110010101101001100011111010111011110010000111010111011011110000011101001111011010110011011110100001111101000001100001011001
100011010111101111011110110100001010110011111111111011110110110101010111011101100100110111101111011100110001110010101100111011010001101001101100100000011000101101000100001011100001001110101000100111111001001110111011001101110100001100110111000100000000100011111101011111101111101101000000110100010011010000101111101010110101000110001110110110010001110101011110110001000010001010100001
111011111111101100101010111000101100101110101101001001100111000100010000011111111000111010100010111010011000001011000101000011111101010110000111000001011100111110111110100001111000011101101000011000100010100101111000101101101111101101011110101001101111100000001101011111101010011110100101011011100001001001111111001100110000100101111001111101010001011000110000101101001110101101100101
011011000101001000110100110011001001101110010000000100001000001000100000000100000011111110001100001011101100000000100111110001111101001100101001001101011010101000011110101111100000001011001001011111010110011000101101101100101010010110101001110011011011100010110101001101100000000001101011100110010100100000111001001001000100010110010101000001011010001010010110100111110111011101011110
101101011000110101111001101001110111011010001100011110000010110011110011101100000111101111100011100001111011101111011010011100100001011101010101001000000111111001100010101100000010110001001010110100001111000001110110111010111001100000101100001111110010010010110011011101001000101010101000000010101001100100100011110000101011100010101001000110011001010101110110110110101111100100001100
010100000000100000000101101010110010111100101111000001111001011101001000101001110010101001100111011101101010001010010100011110010101011110011100110111000101010111000000101010010011001100100011111001001011001001011111101001011011000111101111101100011101111110010101000001111100111111000000001001111010111110011100101011111011111010101000000100101000100001010011100001111000010000000000
010100000011001110011000100100100001101010100101000001110000010001100101010000101010110001001111100111010101001100010111100101111010001111000100101011000011101111111000111000011011100011110011101011000001001001111100000101110011100000101011101000000000000001001001111010000001100101011001000001111101111101100110110110001000011110101110000011111100111011010010011100011001111110111100
001101110101001100000000110011000000111101101111100100011000101100101000110010101010010110010000010100111000111001001101001111000010011011110100011010001110101000111110100111011111111101100100001000101000010100101101001010110011011010011011101011100001010000001000010101001001000001000001110101110000110111011001110100101001101011111110101011101011010110111011011010011101001101111000
110000110110101011010110010111011101100000100100001010011011111110010000101111010010100011010001000000100101101101011011000000000100011000111001101111001111010111010101001101011001110000111101101111010001000100001100110101110111011010110110110101101010101101001110000011001111001110010110110011001100101101010111100100001100110100110010001001110100100000100101000011010000101101111100
000111011110010111101110111011001011011000110111010100001011101101101001001100011100011011000110110001011000100101000110011011011010101101111101100100100000011000101110110011001001110111010001010000000110011001010100000011111100001111101001001011100011101110011101000100100111111011110010000010110110010010001001110101000000011000111100111110101100110011010110110001000001010011110100
111010001011111001001111000010110000111101001010110010111000101100010001011110000011000011010001010001111110100101100010000000000010100000001010111111010111010011111101010010011101000111110101011101001001011001010110101001111100000001001101010111100000011011000000001101000101101000101010110010111001110011100000001011000010101000100010111000011001101000111010111111000000000111100000
110100111111100010100100100001001010100101000000100111101000111011001111110000000110100100011100000101000010001111000000001111101101100101101111111010111100110000000101011101110000101110110011110011101100100101000100001101111011011000001101101011010010000111101101111000101001111011111111010001000000101101000110111010010101111000011010000000101101011110001111110101000110101001001100
000001110111010111010001101011101100010101011100110001000010011010100101111111100001110000100001001111000010111101010110011000001001010100001111100010011010111110111001001001110110001000110011101010111111000111111011000111010010101101101110011010111110110000101001101000010100110111000100011110000011101010011001011010111011101101011001010001101011100101011110101001110010101001011011
111011000001110111010000001101100100001011101111010011001001100110011100001101101000010010110010010110111100001101011001001010100011010000000001000110101010111110101000011100010001000010001101001010101101000110101111001100101001011000001000100110010101100110110011101110101100110101010010101011111101100000010111001110101011011010100100011000001101010001110011100100000001111000110111
100010110011100001100100000000011001010011001101011001011010011110110101100101001000110101110110110010010010000101101111110101000001010110000100100000100001000101010010110001011101001110100000101111110001011100111110010110010010001000111110011111101111101010000100110010101000000010001100000100001100001010100100110100100001101000101001101101000011001000110001011000000100100110000001
110000110110000101011010000101100010111010110111111000010011001100110111111110011111010101000001000100011110000111001001000011101011111010100111101110110000101010110101010010100111111000010101101011101101111101100111010110001001000010001101010101000101011101011111100001010110111001111001011100000011111111101110111010001101001101111100101010010100010010000001001010000001010101010101
000100000011100000110101101010100100011011000011110001001010110010011110001011101000111000111111011011100000101000011110100101100001111101110100111011101000010011001110000111010000110111100110110000110100010011010100110110100101100110000100110101000011110111100111010111100001110100010010011101001111111111010011010101111111010001010011001100100111111101111100010111101110100000100011
010000000100101011000100110011101011111110000100111110011111001110100100101110110000001101000011110000101101000011111000110100100111000100010000101011110000111011100011010000011001000101110011011111101011110111100101101110110010000111000111111000001011101100011010001010000100011010100000111011010011101010000010010100010100010011110110110101000010011001100000011010000110101100011111
001110111100101111101100000100100000111101111111011000010001111000010001011001010110100101110111010100101101011100010011110001101010000111110110011001011110001101010111100001010011101000111101011100001111010100001100011000100111110100011000011110101001011011100011010001101010110110100111011111100011111011100101011011000001000010010011111011001111101110110001000110100101100001100110
111001111101101100111010010000010100011101100001000110111001011110110100111001001110010001111001101100001110111110001110001111000001011001010010001011110001010101001011111101000010100101111110010100101011011000110101111101111000000011110100101011100001011001110010011110111100001100100011011010110000011000100100010101110010011101111011001010000001100101100010001111111001111110010000
101001101010001100011111100101000101001111100111011100111001111111111010010001000010110001010011001101110011000000101110100110111010001110101111000000100101001110001000001100111001000010101111010111000011100110011100110010000100110101000010011001111001100011010000110110000000100110111100000000101100010000001110010110110001111011000111001010101001100100001110101010001100000111100011
011100010000000110110000110111100001000100110000110010101110011010111111111010110111010101110111000000111110011001010001011001100010011001111110000001001000000110011111110101000010110101110111001110010011110010110101001011011011000101111010101011010100110000110000010011110010110000100101000010001000010101110001110001101100001001000001110101011000010001111000101000010101101011111101
001110000001111110010000110101100100101100111001100000000010101000001000001001011000011000110000101110010010010100110010100000011100111010110100111010001100011110010011010101010011100000010111000000100000100011000100101110110000000111011001000110101010001100111111110110101110010110110111110111011001101101000000001101110000100111111001111100011100011111111001000110010101010000011110
001001011110001111010111100101110000110111100100101101101000010000001011010001001100001110111111011010101000110111010110101110110100101010110010011010111000101001001011010011101100111010010010001011101101110110011110100101111000011111001000110000001000011101001110001011111000100111011000000010001111111110011110110001100101001101111100101111010110010101100110111101010100010110001101
111100101100010111100010111110111110001110100101111110110010000100101010011001010001111000000001100101010111000111001110011000111111000100100100001110111011001000101001110100010111100111011100111100010000011000100000101001001110001011100001000111011011000000101111010110100110000011010010100110010110010101000010000000011010000111111001011000000011011100010111000010011011101001010110
110001101001001011001011101110010001100100110100011110001010111011011111010011000010100111100010011110110100100001111101100011010110111000110010100001101111111001010011101011010111011110100111101111110111111001100100110101111001011110000101000110001101100011011100101110010110011010111100010101101000100111111000110010000011011011010011011011110000111100101111111110010010110111101011
000011110100110001100010011011011111000101001100001111111010101001011010000110000011100001100101001110110010000100010001011101101011101111011000100000001101011110110111110100010100001101101000101000011001110101010100101000010000101101000100101111001010010011011001010101000001110000000111100100011100100110101011000010100001010001110111010010111100100101110010000101001111001010111010
101101110111001111101101111110111111111100100000001110011011011000011011010011001110101111111100001100000111001001100010011100000110010110010111111100110110111100011001111111001011010010101000110010110010000010001101110000101101111101100000010001101011110010000110101111011010011001111001111001001001101000010011110111110100010000100010010011110101100101110011100110111000101111001111
101010000111001000100111111111101100101011000111010101010010000010101000001001000011110100101001011101001000110111111100001001000000010000110100101100001010000100010101011001010010001010101111001111100101110110111000000000010111110100010110110000010100011001100110000100011011001111111110111010100100110011100100101000001011001011001111110011000111011001100101001011111100101000001010
101001110110010101111011011010101110001011100010000000101110010000100101111100000010101100100010100101001100101100011111110110111101000100100000110110001100010000100011000101110101101100010010001111001110111110001001110000001110000010110000000010101011110111011110000110110000011010101100011000111101100001101000010111110110100010110001110100110100111100100110101101000010111101101011
000010101010101100111111111000010111010111110000111010101000100100001101010001110001101110010100001110001100011100101101101110111111101011100011110000001101001011100000101111011101001110000100111110111000110111111101010111000110001001001000100010110100101111000101010100001000110011000000101011000101010100000101101001010001101111000111010110101111011010110001100111110101111110001001
000010000001010101111101100100110000011010001101010110101000010000010011000011011100001101001111111110110000101100010110011101001010000110011100011010010011010110000101110110001010010000110011100101101100000010001010101011011010111100001110001110011000111100101001101111101000110010001101101111101001110101101111010000110110110111111100100011110100100000100101101010000101010011001011
111001001001001100011001010101010000010011001000011110110001011011010110010100001100101000011101010100010111101010010110000111010000110011010110001001101111011110011011101101011101101110101101100110011100000011111000001101110010010100000100110110000000010101110000100001011010110000111000001001010110000111110010110101011100100100000110001111100100000100101001000011111010010000001010
001110110111111100111110011110101000110000011011100100100111000111111111001111111100010011101110011000110011111110001011111110000010100100101110000111111111110001001110101100101011001101110111000001100001101011101000011101110110010011010011011110101001000100010111101100001000110010111011110110001000100011101111110011111111110110001110011110010001110011011001100110000101000110011001
011011000101010001111001011000110111101001101111100011110011110001010011100100000000000011011000000110110100110001001110000101001101011001010011001101111100111110011001101101000001100111001100010000101010011100010001000001001001110011000010000000100000001110001100110100100100000001110011101011010000000011101110100111001010001001010110111100111110111000100101000010000110100000001111
100100010111111111011100010010111000001011101101101011001111111011010111000100010111001101010101101111111101001110111110011111101010110010000001111100100011010110111110010010011000011110111100111110110110011111000101001001010100111100110111010101101100111111010100011000111001111111111111000101000000110101010000000000010000101011111010011100110101110000001001010100001011000100100010
011001100010100101101011010110010010100111000111101111101001100101011000110000111110010101111001011011111011111110000010100001010000110011000110111100010010011000111001111001010100110001000011110011011101010111001111110010011000010110010111010100000010010110001110001110100011011000010000101001110101000001011111011000011101111010001101111001100001111101011101111101000000101010011100
111100100101000000011010000001111111100001001111001000010010100011001101000100101111010001110010010000010110000111101010001110110001001000010010100111000100100111101001010010001111000011011001110101101011000001101100011111001010100011110011111000010001010010001110110100100000001100100010100000111111001000111111100000110111011001100000101000010000010110001101011110111011011010000110
000011111111111100010000010001001111111110111001111111111001101011111101100100110100000110001000010110110000000101110101000111001111110011000111111111011100100101111110101010000110101101000000110000101010001010111000110110010100110110010011001100110000001001011111010001001011110000000000100011111100000011000000010001110101101011011001011011000100011010001001101111111011001010010001
011111010111111000111111001111011111001110011110000011001011100011001100111100000010010010100010000000010110110110110101010111001101001011010010100110100110111011000101001110111101111001100011010001010000100000001000010000010101101111011110111101001001110111111110001100010110001001110010010001111010111111101011000111000110010111111011101100100110111101000010001110000001100010101011
011101100000010001011100110100100111011100010010110001011101010000100110011101001101100100010100011010100110100100111010111010111110010101111101110100010110000101011000110101111110101100001001010110101101011111000011010100000110111111101101111010011010001110110100110010000011101011100011000111110111111100011101110001111101000011110110100001000000110111111111101001010010110011001111
101000000111010100000110011110111101011011111111111100000001110101010000111111111000100000001000010001101101010011011110101111111111110011011110000100010100111111101010111101001111110111110000110100101010100100100101100100111001001011111010000100100100010110111011110100110111101001001110100001101101100100110000011111010110010100011111000000010001001101111100111011001111000000101110
111011111010011111001110101001111100110010111010011001000001011101111101100000110111010000110010010110100001001100111111110111001000000000100011010011100001011010011100000101010100001001110100100011101111100000011111100010100001101110111011101100100101000111010000010110011001001011110100111000101011111010100000100011111101000001100000001110110111110100110100100100001101110111100001
000000011010000000100001111010000010001010101000001110101000000011111100110001010000000011011000010101000010001110100000100000111010111000101011001111000000111110100111010001011001000001001101110000010010101011001000110011100000110001111100010001111010100001011111011110110100010100010001001011011111101111010001111001101011011101101011100011100100110011111011111100110010000001111110
000101010010010111010100101000001111110100011111111010100001111111100111101100100001101010110000110101111110001100001111011110010001001000010110000111000010101000110010010110111010001011010100001001100010010111100011011010111010010100010011101000001001101100000010110111110100011011011111100010111100011011001110000100000101100001101011100001101101000011110011000001011011110011011111
001011101010011011010101100101111000011000100001001010010001010000010010111100101000000010000110010111110011001010100001011110010000000001110010000101100010000110010011011010011000101000100010100011110001101100010001000110001011010001100010011000101111010101100101000000000101100101101101110101001111001011001010100111110011100111011100110101100110001100100000010010101101100000000111
010001100111100100010111111010010001101100011000010001011010111000100010000101010111001111000001101011111011000011100100011011110011111111011000010101001111111111000000101011100100001101100000101111100110011100111010000011000111001110101101111010110111101011111010101000010100011101011000100010100010101110110100101100110110011000111110101100010100010010100110111001001010010111100001
000111011101101110000101110000101010100110100010011011110000101010011010011000000001101001000100100001001110001110010000100110110001101100100110001000110110101000100100001011011001110001000011011110000011100001000011101111011011000101110010100110011001101110100001010010010001000111011111100011010101000001110001010100000111110110010111100110010110110111000000111001110111000101100000
101001011110111111001110100100000101011000101101010010110001111011011111010001110110101001101100011110100001011101110100011111111100100111100011110011010111100000110110000111001010110001111101111100011110000011110101010000001011011010111101100011111101110010100101100011011101010000100111011011111111010100101110100111001000100100110011010110100100010001000001001111000111111001110101
000000011011100011000011100100111101111101110100000010111110111111100011010111110000100011110010111000010011101010011111000000100001000000010011000001100110000011111111001110100100010100110011111111010010111001011000100001101001111110101100001110011010110001111101010000011011100011011010000101000100101011100000110101011000100000011101100111011011000000110001010100011001011011111101
100111011111011111100010111100000110011111001001010110110110010111010001111101000100000101110001110000110011010100011001011001100001110011010011000111100111100011010110100011100111010111011011111100100010011011001000100111111010100000101000011111001101011111100111111101010110001101101100100100000111111110101100001000100011101000100011001000101100100110001110100011101010011001001011
100100011110010110011000010001101010010111001011100010011101010011111111000010010101101010100010000011111101000011101110000010010000100111101011111101100000111111000110110011100001100000011001110110011010111011000100100001110001111100001000111000000000011111111110000010000110111001111101010100010110111111100100101110010101010011011111101100101110101111110111110010000001010110001010
110010001001010010110100111000011110111101000011001100100000010001100101000011101011101001110111111010011101001111101000110010001010100111011010001010101011001110110011110101011000101001011111011101011111110110101100101000000100010001001110111001110011000111100110110011000000111001110001111000010010110101000100000100110011001110001101111101110100100100000100110010001111101100100100
010100001110000011000000111111110011111100100100111111110100101011110010100111011000110101010110000101001001010111101011011111010000101101001100100110111000001000111111100101101100111111011110101010000110110100010001010100000111110011110010100111100001110001001101010011101001001011110110110010011111101000111010010111110111101110001100101110001011010010110111011101010010101010001101
