111000001100101010111001101000110001100011101110111110010111100000101000111101011011011111101100000111111110100000000001001111011101101001111011111010001110100111101001011000001011111001101001110001010101111101001100111111001000100001011101000000101100001110000000111100101110100100100010111001100110010110001000001000000111001100110001010101000010110100101001011001011111010100100110
111000001100101010111001101000110001100011101110111110010111100000101000111101011011011111101100000111111110100000000001001111011101101001111011111010001110100111101001011000001011111001101001110001010101111101001100111111001000100001011101000000101100001110000000111100101110100100100010111001100110010110001000001000000111001100110001010101000010110100101001011001011111010100100110
111000001100101010111001101000110001100011101110111110010111100000101000111101011011011111101100000111111110100000000001001111011101101001111011111010001110100111101001011000001011111001101001110001010101111101001100111111001000100001011101000000101100001110000000111100101110100100100010111001100110010110001000001000000111001100110001010101000010110100101001011001011111010100100110
111000001100101010111001101000110001100011101110111110010111100000101000111101011011011111101100000111111110100000000001001111011101101001111011111010001110100111101001011000001011111001101001110001010101111101001100111111001000100001011101000000101100001110000000111100101110100100100010111001100110010110001000001000000111001100110001010101000010110100101001011001011111010100100110
111000001100101010111001101000110001100011101110111110010111100000101000111101011011011111101100000111111110100000000001001111011101101001111011111010001110100111101001011000001011111001101001110001010101111101001100111111001000100001011101000000101100001110000000111100101110100100100010111001100110010110001000001000000111001100110001010101000010110100101001011001011111010100100110
111000001100101010111001101000110001100011101110111110010111100000101000111101011011011111101100000111111110100000000001001111011101101001111011111010001110100111101001011000001011111001101001110001010101111101001100111111001000100001011101000000101100001110000000111100101110100100100010111001100110010110001000001000000111001100110001010101000010110100101001011001011111010100100110
111000001100101010111001101000110001100011101110111110010111100000101000111101011011011111101100000111111110100000000001001111011101101001111011111010001110100111101001011000001011111001101001110001010101111101001100111111001000100001011101000000101100001110000000111100101110100100100010111001100110010110001000001000000111001100110001010101000010110100101001011001011111010100100110
111000001100101010111001101000110001100011101110111110010111100000101000111101011011011111101100000111111110100000000001001111011101101001111011111010001110100111101001011000001011111001101001110001010101111101001100111111001000100001011101000000101100001110000000111100101110100100100010111001100110010110001000001000000111001100110001010101000010110100101001011001011111010100100110
111000001100101010111001101000110001100011101110111110010111100000101000111101011011011111101100000111111110100000000001001111011101101001111011111010001110100111101001011000001011111001101001110001010101111101001100111111001000100001011101000000101100001110000000111100101110100100100010111001100110010110001000001000000111001100110001010101000010110100101001011001011111010100100110
111000001100101010111001101000110001100011101110111110010111100000101000111101011011011111101100000111111110100000000001001111011101101001111011111010001110100111101001011000001011111001101001110001010101111101001100111111001000100001011101000000101100001110000000111100101110100100100010111001100110010110001000001000000111001100110001010101000010110100101001011001011111010100100110
111000001100101010111001101000110001100011101110111110010111100000101000111101011011011111101100000111111110100000000001001111011101101001111011111010001110100111101001011000001011111001101001110001010101111101001100111111001000100001011101000000101100001110000000111100101110100100100010111001100110010110001000001000000111001100110001010101000010110100101001011001011111010100100110
111000001100101010111001101000110001100011101110111110010111100000101000111101011011011111101100000111111110100000000001001111011101101001111011111010001110100111101001011000001011111001101001110001010101111101001100111111001000100001011101000000101100001110000000111100101110100100100010111001100110010110001000001000000111001100110001010101000010110100101001011001011111010100100110
111000001100101010111001101000110001100011101110111110010111100000101000111101011011011111101100000111111110100000000001001111011101101001111011111010001110100111101001011000001011111001101001110001010101111101001100111111001000100001011101000000101100001110000000111100101110100100100010111001100110010110001000001000000111001100110001010101000010110100101001011001011111010100100110
111000001100101010111001101000110001100011101110111110010111100000101000111101011011011111101100000111111110100000000001001111011101101001111011111010001110100111101001011000001011111001101001110001010101111101001100111111001000100001011101000000101100001110000000111100101110100100100010111001100110010110001000001000000111001100110001010101000010110100101001011001011111010100100110
111000001100101010111001101000110001100011101110111110010111100000101000111101011011011111101100000111111110100000000001001111011101101001111011111010001110100111101001011000001011111001101001110001010101111101001100111111001000100001011101000000101100001110000000111100101110100100100010111001100110010110001000001000000111001100110001010101000010110100101001011001011111010100100110
111000001100101010111001101000110001100011101110111110010111100000101000111101011011011111101100000111111110100000000001001111011101101001111011111010001110100111101001011000001011111001101001110001010101111101001100111111001000100001011101000000101100001110000000111100101110100100100010111001100110010110001000001000000111001100110001010101000010110100101001011001011111010100100110
111000001100101010111001101000110001100011101110111110010111100000101000111101011011011111101100000111111110100000000001001111011101101001111011111010001110100111101001011000001011111001101001110001010101111101001100111111001000100001011101000000101100001110000000111100101110100100100010111001100110010110001000001000000111001100110001010101000010110100101001011001011111010100100110
111000001100101010111001101000110001100011101110111110010111100000101000111101011011011111101100000111111110100000000001001111011101101001111011111010001110100111101001011000001011111001101001110001010101111101001100111111001000100001011101000000101100001110000000111100101110100100100010111001100110010110001000001000000111001100110001010101000010110100101001011001011111010100100110
111000001100101010111001101000110001100011101110111110010111100000101000111101011011011111101100000111111110100000000001001111011101101001111011111010001110100111101001011000001011111001101001110001010101111101001100111111001000100001011101000000101100001110000000111100101110100100100010111001100110010110001000001000000111001100110001010101000010110100101001011001011111010100100110
111000001100101010111001101000110001100011101110111110010111100000101000111101011011011111101100000111111110100000000001001111011101101001111011111010001110100111101001011000001011111001101001110001010101111101001100111111001000100001011101000000101100001110000000111100101110100100100010111001100110010110001000001000000111001100110001010101000010110100101001011001011111010100100110
111000001100101010111001101000110001100011101110111110010111100000101000111101011011011111101100000111111110100000000001001111011101101001111011111010001110100111101001011000001011111001101001110001010101111101001100111111001000100001011101000000101100001110000000111100101110100100100010111001100110010110001000001000000111001100110001010101000010110100101001011001011111010100100110
111000001100101010111001101000110001100011101110111110010111100000101000111101011011011111101100000111111110100000000001001111011101101001111011111010001110100111101001011000001011111001101001110001010101111101001100111111001000100001011101000000101100001110000000111100101110100100100010111001100110010110001000001000000111001100110001010101000010110100101001011001011111010100100110
111000001100101010111001101000110001100011101110111110010111100000101000111101011011011111101100000111111110100000000001001111011101101001111011111010001110100111101001011000001011111001101001110001010101111101001100111111001000100001011101000000101100001110000000111100101110100100100010111001100110010110001000001000000111001100110001010101000010110100101001011001011111010100100110
111000001100101010111001101000110001100011101110111110010111100000101000111101011011011111101100000111111110100000000001001111011101101001111011111010001110100111101001011000001011111001101001110001010101111101001100111111001000100001011101000000101100001110000000111100101110100100100010111001100110010110001000001000000111001100110001010101000010110100101001011001011111010100100110
111000001100101010111001101000110001100011101110111110010111100000101000111101011011011111101100000111111110100000000001001111011101101001111011111010001110100111101001011000001011111001101001110001010101111101001100111111001000100001011101000000101100001110000000111100101110100100100010111001100110010110001000001000000111001100110001010101000010110100101001011001011111010100100110
111000001100101010111001101000110001100011101110111110010111100000101000111101011011011111101100000111111110100000000001001111011101101001111011111010001110100111101001011000001011111001101001110001010101111101001100111111001000100001011101000000101100001110000000111100101110100100100010111001100110010110001000001000000111001100110001010101000010110100101001011001011111010100100110
111000001100101010111001101000110001100011101110111110010111100000101000111101011011011111101100000111111110100000000001001111011101101001111011111010001110100111101001011000001011111001101001110001010101111101001100111111001000100001011101000000101100001110000000111100101110100100100010111001100110010110001000001000000111001100110001010101000010110100101001011001011111010100100110
111000001100101010111001101000110001100011101110111110010111100000101000111101011011011111101100000111111110100000000001001111011101101001111011111010001110100111101001011000001011111001101001110001010101111101001100111111001000100001011101000000101100001110000000111100101110100100100010111001100110010110001000001000000111001100110001010101000010110100101001011001011111010100100110
111000001100101010111001101000110001100011101110111110010111100000101000111101011011011111101100000111111110100000000001001111011101101001111011111010001110100111101001011000001011111001101001110001010101111101001100111111001000100001011101000000101100001110000000111100101110100100100010111001100110010110001000001000000111001100110001010101000010110100101001011001011111010100100110
111000001100101010111001101000110001100011101110111110010111100000101000111101011011011111101100000111111110100000000001001111011101101001111011111010001110100111101001011000001011111001101001110001010101111101001100111111001000100001011101000000101100001110000000111100101110100100100010111001100110010110001000001000000111001100110001010101000010110100101001011001011111010100100110
111000001100101010111001101000110001100011101110111110010111100000101000111101011011011111101100000111111110100000000001001111011101101001111011111010001110100111101001011000001011111001101001110001010101111101001100111111001000100001011101000000101100001110000000111100101110100100100010111001100110010110001000001000000111001100110001010101000010110100101001011001011111010100100110
111000001100101010111001101000110001100011101110111110010111100000101000111101011011011111101100000111111110100000000001001111011101101001111011111010001110100111101001011000001011111001101001110001010101111101001100111111001000100001011101000000101100001110000000111100101110100100100010111001100110010110001000001000000111001100110001010101000010110100101001011001011111010100100110
111000001100101010111001101000110001100011101110111110010111100000101000111101011011011111101100000111111110100000000001001111011101101001111011111010001110100111101001011000001011111001101001110001010101111101001100111111001000100001011101000000101100001110000000111100101110100100100010111001100110010110001000001000000111001100110001010101000010110100101001011001011111010100100110
111000001100101010111001101000110001100011101110111110010111100000101000111101011011011111101100000111111110100000000001001111011101101001111011111010001110100111101001011000001011111001101001110001010101111101001100111111001000100001011101000000101100001110000000111100101110100100100010111001100110010110001000001000000111001100110001010101000010110100101001011001011111010100100110
111000001100101010111001101000110001100011101110111110010111100000101000111101011011011111101100000111111110100000000001001111011101101001111011111010001110100111101001011000001011111001101001110001010101111101001100111111001000100001011101000000101100001110000000111100101110100100100010111001100110010110001000001000000111001100110001010101000010110100101001011001011111010100100110
111000001100101010111001101000110001100011101110111110010111100000101000111101011011011111101100000111111110100000000001001111011101101001111011111010001110100111101001011000001011111001101001110001010101111101001100111111001000100001011101000000101100001110000000111100101110100100100010111001100110010110001000001000000111001100110001010101000010110100101001011001011111010100100110
111000001100101010111001101000110001100011101110111110010111100000101000111101011011011111101100000111111110100000000001001111011101101001111011111010001110100111101001011000001011111001101001110001010101111101001100111111001000100001011101000000101100001110000000111100101110100100100010111001100110010110001000001000000111001100110001010101000010110100101001011001011111010100100110
111000001100101010111001101000110001100011101110111110010111100000101000111101011011011111101100000111111110100000000001001111011101101001111011111010001110100111101001011000001011111001101001110001010101111101001100111111001000100001011101000000101100001110000000111100101110100100100010111001100110010110001000001000000111001100110001010101000010110100101001011001011111010100100110
111000001100101010111001101000110001100011101110111110010111100000101000111101011011011111101100000111111110100000000001001111011101101001111011111010001110100111101001011000001011111001101001110001010101111101001100111111001000100001011101000000101100001110000000111100101110100100100010111001100110010110001000001000000111001100110001010101000010110100101001011001011111010100100110
111000001100101010111001101000110001100011101110111110010111100000101000111101011011011111101100000111111110100000000001001111011101101001111011111010001110100111101001011000001011111001101001110001010101111101001100111111001000100001011101000000101100001110000000111100101110100100100010111001100110010110001000001000000111001100110001010101000010110100101001011001011111010100100110
111000001100101010111001101000110001100011101110111110010111100000101000111101011011011111101100000111111110100000000001001111011101101001111011111010001110100111101001011000001011111001101001110001010101111101001100111111001000100001011101000000101100001110000000111100101110100100100010111001100110010110001000001000000111001100110001010101000010110100101001011001011111010100100110
111000001100101010111001101000110001100011101110111110010111100000101000111101011011011111101100000111111110100000000001001111011101101001111011111010001110100111101001011000001011111001101001110001010101111101001100111111001000100001011101000000101100001110000000111100101110100100100010111001100110010110001000001000000111001100110001010101000010110100101001011001011111010100100110
111000001100101010111001101000110001100011101110111110010111100000101000111101011011011111101100000111111110100000000001001111011101101001111011111010001110100111101001011000001011111001101001110001010101111101001100111111001000100001011101000000101100001110000000111100101110100100100010111001100110010110001000001000000111001100110001010101000010110100101001011001011111010100100110
111000001100101010111001101000110001100011101110111110010111100000101000111101011011011111101100000111111110100000000001001111011101101001111011111010001110100111101001011000001011111001101001110001010101111101001100111111001000100001011101000000101100001110000000111100101110100100100010111001100110010110001000001000000111001100110001010101000010110100101001011001011111010100100110
111000001100101010111001101000110001100011101110111110010111100000101000111101011011011111101100000111111110100000000001001111011101101001111011111010001110100111101001011000001011111001101001110001010101111101001100111111001000100001011101000000101100001110000000111100101110100100100010111001100110010110001000001000000111001100110001010101000010110100101001011001011111010100100110
111000001100101010111001101000110001100011101110111110010111100000101000111101011011011111101100000111111110100000000001001111011101101001111011111010001110100111101001011000001011111001101001110001010101111101001100111111001000100001011101000000101100001110000000111100101110100100100010111001100110010110001000001000000111001100110001010101000010110100101001011001011111010100100110
111000001100101010111001101000110001100011101110111110010111100000101000111101011011011111101100000111111110100000000001001111011101101001111011111010001110100111101001011000001011111001101001110001010101111101001100111111001000100001011101000000101100001110000000111100101110100100100010111001100110010110001000001000000111001100110001010101000010110100101001011001011111010100100110
111000001100101010111001101000110001100011101110111110010111100000101000111101011011011111101100000111111110100000000001001111011101101001111011111010001110100111101001011000001011111001101001110001010101111101001100111111001000100001011101000000101100001110000000111100101110100100100010111001100110010110001000001000000111001100110001010101000010110100101001011001011111010100100110
111000001100101010111001101000110001100011101110111110010111100000101000111101011011011111101100000111111110100000000001001111011101101001111011111010001110100111101001011000001011111001101001110001010101111101001100111111001000100001011101000000101100001110000000111100101110100100100010111001100110010110001000001000000111001100110001010101000010110100101001011001011111010100100110
111000001100101010111001101000110001100011101110111110010111100000101000111101011011011111101100000111111110100000000001001111011101101001111011111010001110100111101001011000001011111001101001110001010101111101001100111111001000100001011101000000101100001110000000111100101110100100100010111001100110010110001000001000000111001100110001010101000010110100101001011001011111010100100110
111000001100101010111001101000110001100011101110111110010111100000101000111101011011011111101100000111111110100000000001001111011101101001111011111010001110100111101001011000001011111001101001110001010101111101001100111111001000100001011101000000101100001110000000111100101110100100100010111001100110010110001000001000000111001100110001010101000010110100101001011001011111010100100110
111000001100101010111001101000110001100011101110111110010111100000101000111101011011011111101100000111111110100000000001001111011101101001111011111010001110100111101001011000001011111001101001110001010101111101001100111111001000100001011101000000101100001110000000111100101110100100100010111001100110010110001000001000000111001100110001010101000010110100101001011001011111010100100110
111000001100101010111001101000110001100011101110111110010111100000101000111101011011011111101100000111111110100000000001001111011101101001111011111010001110100111101001011000001011111001101001110001010101111101001100111111001000100001011101000000101100001110000000111100101110100100100010111001100110010110001000001000000111001100110001010101000010110100101001011001011111010100100110
111000001100101010111001101000110001100011101110111110010111100000101000111101011011011111101100000111111110100000000001001111011101101001111011111010001110100111101001011000001011111001101001110001010101111101001100111111001000100001011101000000101100001110000000111100101110100100100010111001100110010110001000001000000111001100110001010101000010110100101001011001011111010100100110
111000001100101010111001101000110001100011101110111110010111100000101000111101011011011111101100000111111110100000000001001111011101101001111011111010001110100111101001011000001011111001101001110001010101111101001100111111001000100001011101000000101100001110000000111100101110100100100010111001100110010110001000001000000111001100110001010101000010110100101001011001011111010100100110
111000001100101010111001101000110001100011101110111110010111100000101000111101011011011111101100000111111110100000000001001111011101101001111011111010001110100111101001011000001011111001101001110001010101111101001100111111001000100001011101000000101100001110000000111100101110100100100010111001100110010110001000001000000111001100110001010101000010110100101001011001011111010100100110
111000001100101010111001101000110001100011101110111110010111100000101000111101011011011111101100000111111110100000000001001111011101101001111011111010001110100111101001011000001011111001101001110001010101111101001100111111001000100001011101000000101100001110000000111100101110100100100010111001100110010110001000001000000111001100110001010101000010110100101001011001011111010100100110
111000001100101010111001101000110001100011101110111110010111100000101000111101011011011111101100000111111110100000000001001111011101101001111011111010001110100111101001011000001011111001101001110001010101111101001100111111001000100001011101000000101100001110000000111100101110100100100010111001100110010110001000001000000111001100110001010101000010110100101001011001011111010100100110
111000001100101010111001101000110001100011101110111110010111100000101000111101011011011111101100000111111110100000000001001111011101101001111011111010001110100111101001011000001011111001101001110001010101111101001100111111001000100001011101000000101100001110000000111100101110100100100010111001100110010110001000001000000111001100110001010101000010110100101001011001011111010100100110
111000001100101010111001101000110001100011101110111110010111100000101000111101011011011111101100000111111110100000000001001111011101101001111011111010001110100111101001011000001011111001101001110001010101111101001100111111001000100001011101000000101100001110000000111100101110100100100010111001100110010110001000001000000111001100110001010101000010110100101001011001011111010100100110
111000001100101010111001101000110001100011101110111110010111100000101000111101011011011111101100000111111110100000000001001111011101101001111011111010001110100111101001011000001011111001101001110001010101111101001100111111001000100001011101000000101100001110000000111100101110100100100010111001100110010110001000001000000111001100110001010101000010110100101001011001011111010100100110
111000001100101010111001101000110001100011101110111110010111100000101000111101011011011111101100000111111110100000000001001111011101101001111011111010001110100111101001011000001011111001101001110001010101111101001100111111001000100001011101000000101100001110000000111100101110100100100010111001100110010110001000001000000111001100110001010101000010110100101001011001011111010100100110
111000001100101010111001101000110001100011101110111110010111100000101000111101011011011111101100000111111110100000000001001111011101101001111011111010001110100111101001011000001011111001101001110001010101111101001100111111001000100001011101000000101100001110000000111100101110100100100010111001100110010110001000001000000111001100110001010101000010110100101001011001011111010100100110
111000001100101010111001101000110001100011101110111110010111100000101000111101011011011111101100000111111110100000000001001111011101101001111011111010001110100111101001011000001011111001101001110001010101111101001100111111001000100001011101000000101100001110000000111100101110100100100010111001100110010110001000001000000111001100110001010101000010110100101001011001011111010100100110
111000001100101010111001101000110001100011101110111110010111100000101000111101011011011111101100000111111110100000000001001111011101101001111011111010001110100111101001011000001011111001101001110001010101111101001100111111001000100001011101000000101100001110000000111100101110100100100010111001100110010110001000001000000111001100110001010101000010110100101001011001011111010100100110
111000001100101010111001101000110001100011101110111110010111100000101000111101011011011111101100000111111110100000000001001111011101101001111011111010001110100111101001011000001011111001101001110001010101111101001100111111001000100001011101000000101100001110000000111100101110100100100010111001100110010110001000001000000111001100110001010101000010110100101001011001011111010100100110
111000001100101010111001101000110001100011101110111110010111100000101000111101011011011111101100000111111110100000000001001111011101101001111011111010001110100111101001011000001011111001101001110001010101111101001100111111001000100001011101000000101100001110000000111100101110100100100010111001100110010110001000001000000111001100110001010101000010110100101001011001011111010100100110
111000001100101010111001101000110001100011101110111110010111100000101000111101011011011111101100000111111110100000000001001111011101101001111011111010001110100111101001011000001011111001101001110001010101111101001100111111001000100001011101000000101100001110000000111100101110100100100010111001100110010110001000001000000111001100110001010101000010110100101001011001011111010100100110
