011001001110111010100001110011100011000110110100110011011101101001111101111010000001110011111100000011101011001000110000100111001000111011010001001011001010000100101101101010111011010100111110011010111001101001011101000100111000000101101011100101001011011011010011101111101101010110010010000100101001110000000001010000011001000011111101011000111100011000001111100011000001001110011010
101010111110001110010011010101011011011010000001000000101100101110011100100001100001111011111011001011000010111100101111110001011010010101100111001000010110111010111110100100011100110010010100001100111010000100100010001101110010110011010101010011011010010001010000101011011000001100010010001000001010001000101111111011110011011101001000010010111110000010001111011101011010110011000101
011111001011111001010010111100110100011110000000010111101100100000100010010111101000111011011011001001011001101100010111010111011110011001110101100010000111010001001001101110101100101101000101101010011011000011110000101000100110101000001101110011001011011111111011000110001101011110000011101010111001000100001111001110100100100001101010010000111110010100111000000101001101000011100111
110111011011110111100000111100001011100101010011111011001000111010011111010011001011000001101011110000100110000000010110011000000010100011101100111011010011011001101110110001101111001010101110001100010001110001101010010001101100110101011000000101011110000111011000010100110101101000011101001101001110111000110001100111111000100010010111110011100110101101101110101000001111010111101101
000101100111000100000110010001100000000110000011000110000010111101011011000001100101001010011101110100110110001110000110100101100011001001111000010100110101110001011010110000010010011000110001100011100000110010110001101111011101001101111000011100001000101010000111111100000111101001011010000000101001100000101010101100000001111010110000100111011110100101111101110010110001010100111100
100110101100011100100010010110110100001111010011000101111010111101001010010100011110110111111100010010111000000100001000001011110101100011100011111010010101000000101110010010101110011110001010000000001101100100101100110110101001010011001101110001001111100110001111100001100001000010100001010111011100110100010100011110000001010001000101101000001011100101010010010101101101110110100011
100001001101110010101001110111110010101100010001101110000010101000010111010110101110110010010100011101011111101101010100110111111011011100101110010010011101001010001101001000110101110010011010000101110110011100000110000100001010100110010000001111011101000001100110000001000010111110011110100001100110011110000011011011100101110101010101100010111101010101111000010110110111110011011010
110001100001111100001010101111111001100011011111001010101100001000000100011111010111100101111000100111001000111001110000001010101010000101101100011110101110101110101110100101001000110100110110000110010010101010110101001010100001100000101000100001111101100010000010011000101111010000110000010100001001101111111011100111101101111110000011011110000110001101011000010010010111011011111000
001110110101000011010100001110101110010011111010000110001010010100110010011000000010001100011101110100100111110111010011100001101010100111101101100101011111000011100100000111101001000010000101011101110100000101011100110000110001111110001000111101010000111011111100100101111000000101011010111010001100010101111000000010000111100110001011111010110011010001011111111100000100110011111111
001110000000011101100101001010000111011110110101001101010111110011010110101000110001010110111101000001110000101010011100000100101011101011010111011110001111001010011111010010011000011011110110011111111000011001101011010110010011000001010001011001010001001011000101100010010001000001000011101111101100001011011010001101000110101111011101010100011010101011010010010100110110010011110110
001000001100100110101101111011001011001011101001001101010101000010110100111011110010010111000001011010001001001101000100001111000111010011011001001001010001100110110011000000001010101110111111011111001110011001010011110101111010000100001011100001001100000110110011100000110111001011110011111111011100111011100111011100110100000111000101001000000101110101101001111111101001111100100010
001100100111011011010101110001011010101110101001100101100110000011110101000101111011111000011001001001110101110111001000111011110101111000100100110100111010000100100010101111110010111110101000110011001110001001110100011111100000010011111101110101010001100011100010010011110010000001111111011100011110011101110010000001111000100101100010010011100111101101001010100000001000010011100010
100010111010100001010101011000000001111011100010110010011001011000001011101100110110010001110101101101011110001001101000011011110110100111000010000101100110000111101101011101011110101011011001101110011010110100100111110000100010110100110100001010110010011101100011010111000111000011111010110111010000110101110010111110101110010111000111111001000100001001100000011100000000010111001111
100001100001110101110001011111111110001110101110001111110110111100001100001110111101010000101001101001011011111101011001010101110101101000110001001010100110111110001111110100011000011110111111101100110010010000010111000011111110111011111011000010101011010111000010001000111000000001111100101000111110101101101110011111000101100010101111010111010000100111010101011111001000000010100111
011011010010101110101000010101110100110110011101100001011100111101001110100110010110011110010101000010001111101010001000001111111011101010000110000000010000001101000001011011001010100010011111011100100100000001111111110111100001000010101011001001100101101100100000010001111010100000101110110001110001011101000110101010001110110000010010101001011010000111101010111001101101001110111000
111010111001010000110001001001100010001011111000011000100001100011010101110011110011111101010001000000010001111001110110010011110001011101011111110111011101110011100101000111011001110010101001010110001001010011000010110011111010111100100101101010110000101101011110010011010101101101100010011010011010111000101011111001010011110000100111001010110000111011100011111100001110111010010010
101110010011111001111011101000101101101100001000000110011010001100001100000100001010101001000010110000001000101100111100010001110110111001001001011010000100010110011110010111011101101000101001100001110100101011000110100101011010110100000000001001111111101001011101000000001111000010000000001010110101000111011111100110100000101110100111111111010101111111011011111110011110111111011101
000010011101111010100011000000011101101101111001101110111000001000110111010100100111001100101100100011110001100001101110001011101110110011001001011111101100101000001010110100101100011000010001010000000101011110001111101010010100000100110000110111111101001100100010101000100011101010010011000111100111000010101000011101101001101110110010111110111101001011000101010000000000010101000100
010110101000010000000101011101101110101011000011010001110110110100011001000011111010001000100011010101010001001000110101010110101101011101100000010000111110001100110111100010010000100001000010110100111111100011111000010101111110110010100101111100000010010001101110011001000000101110000101100101100001110110001111010101110001010000001110001111111101111000111000110101100110101001100111
101110111110100000110011110001001001100101101001111010101001100100100001110011100001001110010011100111111010100101010011000011001010000110111010100111101001110110101110100100001101010111101101111000000101101001110001010011000101100100110111110110100101000011011001111001100111011001100111111100001111101010011110011001011100010000001000010010011000101000010000010101011100101110010010
011111101111011011001010010100111010110101011111110010011111111000101110101000011000110001111100011110100111001111110010010011010000111000010000100011111010011010101010100110110001010111011100110001101010010000010001111000101110100010101111111001010100100001111001000110101001000001110011010100011100101101000010001010100001011100100111101111001010000101010111011100110101000001010001
010110110100010101101111010100110110011010110011001101101001110011111010000010110111101010100110110000001100110011101111011001110101110001000011100111111110000110010101000000000010000110010100001100011011011111010100111111010100010101000110001101011010010100010101110010111111010011011000001100011011111000110100010111011110101010000101101010111001101101101100001100001100101011100001
101101111110010100000100000001100000011110000111110000111100100100010011101010110011001110000011001111011001100101001000101111100010001010010100000101010010110101110101001111011110110101110001001111110111011011111111000010010000001100100100111011101100001010001010000000000011101010010011101100111110110011110110010100010011011110111010111000101010000000101011100010100011011111101001
000111011111101011101111110011100110010010000100101101100111010001110010001001100110100111000101101000010010010001010111011101110010000111101110110110010110011111101010110000110100111000111001011001100110101110100100011111111111011100011000000010111101101111001001011101001100001111111111010000100110001110000100100000011010010001001101110110010111110001110001100011111101111001011000
101000101010101111100000000110000111000110010111001011111010001001100010110001000100010110100011010111111110011001111111011100101010000001101101000000100110110100110010010100001001010101000001000011101001111111000011011101110010010110001001010000100000000000110011101110111111100011100001111000001111100010111011000010110101011001111010101001110101010110101000011100011100011110000101
111110001110110011100110101000100000010101011110101011001101010000111100111000000011000011101110000110001111100001111010111011010101011000101100000111000110111011110100010001100011101010101110001100101111011010001010000000010001011111111111111110111111101011001000100101101101000000100101001001101110110010101101011010001001001000100111111110010001110001011001100101100110001100011000
100101001101111111101101111110110101010111001101100100100100100011001110001011010110000001011011010011010011000001010010110110000010111101000001100011110000100001110011010001110000111100001111111101000100010001101100100111101110011110100110110010010011111001101001101011011100010110111010001101001010101100101010101110101100011111001100000000000000001100110110010101011011011001010010
101010010001110111100111101101011110000110110010011111001010101010001101100110101111011100000100101010100100001000001111000011111110000100001101000011110000100101000000100101001111111111001010101101010110100010001001100011110111010011010111100000110101000010100111010010001100001001111111111011110101110001000110100111010110110000100111000100001001011011110101110110010111100111011110
110100001011110111110000000001001101101010000100110000000111100100000011000111111101111011101111000100101010100001011000110111101111000111000100101001000000001110111110100001000101010001101010100011101011011010010000010101111001100001100000011100011111100100000001001011010111001010010000000100010001010001000101101100100001010111101110011010010111101101010100010001011101000111100110
001011010011101000010101110100110001000011001101001100000011010000111101001000110100011100010010110110011100101001110110101100010011011100010000000010100110100110011011011100101110001001001000000101001111111110000101101100100011011000000100000101000110100101100001011110101100110010101001110000101011011001101111001110001111001110111100110111101110001111000111101010100000001010010111
001001001011011000110101000110011110100010000110110010110011001111011011101001000001110111111101011100111010000100110110100100011100011111001010001100000111101111001000001101000111100110000010010000000110000101011111100011110010001000001001001101000101010000101011100011101101000001111001010011001011101000011011001001101101101000011100111011110101001110000010111110010111010111001000
000001001100100000111111101010110011100010000110011010101000010000000110010010101011001010001010111010111001010000110000001110011000001011011001010010110011000000010010000101111111001001011100001101000000100001101101100110101010110100110011001000111001110101110011000111111110001011011100001101001011100111101011100001100000100001000001110100001100010111100001110100111110000011110001
110001100110101010111011101001011000111010010011100001011001100100111010010011111110100110000001111110101010001110110111010110001101001101110111010001001001110010110110000110110110110010001010100110101011111011011010000011010111100001110111001000101011111011110100001110011000110101000010010010100001110100111011110111000001100011001011110011111010010000100101101010010001101101001111
100000111110110000101000011100110000100110101101011011110000100101011010011011011001111001001001010000000110011111101100010011000001000111000000111000011001011110110010100100000011101001001011110111110011111101001101011001100111100101111010000101111010001100101110001110110010101011101010100110011001000011010001110000111110110001000000011100011111011011100000101101111000111000110000
011010100110110110100100100011101001000011111101100101001000111011011001010101001100011000000011110111010100011001011000000010101010001110110100000111011101111001111111010101011011100011101001110110001011000100010111001000011010110001011000100001001101101110000001100000110010000001101100000000011001011110110011010001000011011001111000000000111010100110100111011111100011101001101111
001011111100000111001010000010101111010101100111100001010110110110010101110011101111000010010000100000101101000110010111001011001111101011001110001000101010111101101101111101001010101011000011011011110011100100010001110001110000101010111010110011000010010011000010011010000010001010100001000011000011101011100001001010111001010101111110000001010101001101101100010110101101110100000010
111000010101010110101101010111000010111110010000111010101100110000111011000100100001000001010111101100011100001000001011101101010001010011111111110011100100001111101011001011100111110011110001000000000001111110111000001000100001011010011011100011010110010111101111100010000110010110011000010011011001000011111100001111111101001100011111100101110100000111000011010011111010010010101000
001011000010101101101000011101101111010010100100101100000011101001001011010100010000010111111100010111000100100010010101001010111011111000000000000011000000000100011100001100110010111011110010010010000110001111010000000110100000101110011101111110011011110100110110000101110111000101000110001100111100111000001000111110101100000000011100100011110011011111011111000110000100101011011101
010001110111100100100110111110011100011100100010010001000111101011111110001100010011110111111101110000000001000111110111111110110111100000100000101000010010111010010011100100010110011011011111011110100110100100001111110100001011101101111001101010001011111010001010001000011101101100011010011101010001000010110011110011010111000011101110000000010110111101011000000010101111010110101100
000001011011010000100111010110110101110001001101100010111111011011101011101001110111001111110010010001001011001100000011100101111110100101011011001010101010010010110101110101010011011100011110111110100101001001011010110011010000011000010110000001010001111011001010010000000100101011010110101110011010000000111110011100010000000100101101000111110101100100111011110111001111011100100000
110110010100111100010010111110010110100010100110111010100000100001100111001100000100011000011001000010111010100010110000101001100101110110000111110000111011001000001111101000111101001101011100101110100111100001010000110000010001110000100011101111000011010100001010011011100001101101101100100000111010000100010011110011111001000100000001011010100001010000100001011001110110011010001111
111111101010111110110100011100010101001011110100101111100010001110011101011110000001110010001001001000011101110010000111101001001111100101110001001101100111011010110110010010000111100100010000110001100111011100000111100010010100110101111100110010010000001010111111010111100111011101111010110111001111000011011100001001111100010011011110111101111001010010111101101001000011101100101110
101111110000100011001011111000010100001000001101001001100000000111110100000000111001011100110100001111001010011110100100100010000001010101101001001010010000110100000010001100010000011010000001111111101001100100001100111011110111111111101111110100100001111101010100011001100000000100001011000111111010010101000100011001011100000011000011100111010001001000101100010010010100001011010011
111000100110010110001101010101000101110001101001100010011111110000011001000001001000011001100011011000001101000100011110110110110110011011010000001011111101100010111111101011111101101011000000000011110011010111011100001111001100011110010101001000100110110101010010011111010001000001001101010100011100011011001001001111011010010100111010101011100100011110001101010001000100001110000100
010010011011000001100001110110011110100101000110011010100011111101111111001011111110010111110111111110101110101101010001111110111101100110100100101110101001000100100101001000011110101000101001110011101111011010011011101101010101011110100110100111000001010100011101001111110100011100110011011010111010110110111000000100001000111011000010111000000110111001011101100100110000110100001011
011110101000011000010011000011000011110110000000000110101100111000001011001101011110011100011000000110001100010011011000001110111010111101110001011101111011111000110100000001000110100111111011011011001101101111100001001011010100010011100111010010011010111011001101001101101000000001001001111111011100110100000001110001011000000011011111000110110101110111101101100011100001101000010100
111000100100110010011010001000100011000011100011000000011110000000110111111001111101110100010010000001111111010101111010100010101011011001100101111000010001101001101001110111101111011011000000001011110010110010011100111111100100000111001111101001111110000101110010000011111011110011100100000111000101010001100100110101000010110000001110010101111100011100100110101010001011111110011011
010111100011111001101100110010111110110111001000101100101000001110010010110111101100100110001111001101110001110110000001100100110110111100001100100100101010100001000111001011110110001111101111011000011001011011001010100101000111100000110100001001011001100100010101111100101011011000101110100100001100000101111010101011000000011010000001000011101010010011100000010001001001000010010001
101011110101110011101001111010000101001110110110000011111110100001010110111000101011110111011101011010001101000110111101111000101101001111100011111101011010100110101101110101110000000011111110011111010110101110000001100110000100000001000100111000000010001100110111000110100000101000001111001001101011100111010001111010000101001000110001000100111100010111011001010100100001101101001110
010011001011111100001100111100110101011001011111101000101111001100001110010101001000100001010001111001110110111110110011110111001000010100000111100001000000100011110010011001110101110100100111101101110010100011100111010101000001101110111001100111000101111111001101011000101001011111000001100011101001001000110111010101000000010011100000100100101110001011010110100110101001011100010101
010010111011001010110010011011001100110000110011110101111100101100101101110100010110111000000001111010100011110010010111110101011110110111000110111000011101100010000101100111100100000001101001110100110111001000000110111000110010010111100010111111000101010011110110001111111101100010000111000100101001111110001011110110100001000100000100101011000110000110000100011011000001001110101001
010011100100111001011110100101110100010111000010101010111010101010100111011101010110110011010110111001001100010011110000000111100100011100011010100111000101110000011011111110010001110001101000001000101001000011010010110101011110101011001111111111011000000110011110111000111010110010100110011001000000101000001101001100001101000000111111011101110011100100000010110101101101111101000101
000110011110011100101101100000000100111001110100101110011011100101100110001110111011000110111001011000100110000111000011100011000111101001010110111100001011011111111111100100111011001100001111110100101111111011101000000000001100000011111111110100101101101010111000111010000001100100010000110011010101000110111010100011110101110011111000000001101101000010110100111111111011111000010101
011000111111000011010100000111111000101110110010001000010101100110010000101101100011111001111011000100110110101001011001111010100011100000001001110010010101111010101000011111110110100000110011100110011100001100001000011111101001011100100001000111111111110000011100010110110100101111001011101001011110100011100010000111011000000111000011000100110100110110100110110100001000100101000110
110110010010101011000111100001011111001111110011100111100010011011100110100100000010011011110001110110011001000100110001000010111111100110010110111110010110111101010011111011110000011001111110011011101100010110111111101110001011111000010100111110110110001110001110110000000100100000110101001010111101100101010011001000010011111000011001010101001001101010000001000000101011111110110100
011001100011101010001011011001001000000101001001011100000001001101011010011100110010110111011100101100100101010101111101110001011101001111100011110010010001011111110001010000111000101101100011001101101100011000111011011011100011101011110010101101111010110101100001101010011100100010001101101111101000101000101001100110111011011011010010010110111010011101111110011100100110010001001111
000011000110111001100111110000001111101101010110111111101100110011110111100000010100000111111101011001011010011010101011110100101001101100010010111011010010000011101010011001010101111110101011110111000100011100010100011111101010101000100000111110010000010111011111000010111000101011111001100100001010001011100010101001011110001001111101111001011100010110101100001111011010010110110011
110111110011000100101100111010100110010011111100110001001001101011111011010010111011001110001011001101110010110101001011000101111010011011000101111011001010010001100001000101011000011010110000011111001100011110011100111010111100000011011010001001010101111000111010001110010010101011000111111110100101100100011101010001011010001010001111110101111110000000010111100011000110110110100011
011110001101100010110111010100001101010111111110001000001001011111011111011110010100101001001111101011000111001010010000111010110111010111101100100001101110101001100111001110001100110000010111011100001011000101011001101010001100011100100010001000001000000110100110100110110111101100101101010111001010100111010011101000111110110101010101000101011010100001101110110011100100110100101100
100100110111000000101010111101000001000111001100001111101001100000010000001101111101001001001110100110000011001101000000011001101010010011101001110011111011110101011111001111101100000010011110100100111000011010101100111101110000110001000100010010111000111001011010011011100100000100110001111001101010110010001100010100011001011011000101100111011001000100011010111111001101001110011001
001110010011010100110010011110101101110101101000110101101000110011101010110110100101010111111001111100101000001000111100100101000000000000110001110001101001101001111110111111110010011110011100001111100111111011101011100000011001101010110010000100000010111110001100010111001011011000111101110111110110000011111110010100100011101110101100011001000011101000101001001000001101111000010111
100110000000101010011110100001011100110011101110100101011011110101001011111110111110110000101010000111100011001110101101100010101000110001101110000011110011100100001000010001010010010110000001111011000111001001000101110010110000010001001110110000110010110011110001100000000100100011100011000100001011100001001000011110000010001101100000011011000110011111011001111110111000101101111011
110100100110100011011111101100001110110111111000110011000100101011011001000010100011011110001101011100010111000110001101011000101110000101111001111100010011101000001100001010101001001101100100100111000010101001101010011111100111110110011110101010001011010111100011111101011110011010101101110000100011001001001101111100111101111100110011011000000110101001010010001100111000101110100001
101001011010101101101001001000010001011100010001100101011101011011110010111010110101001011111111101001111111000110110010101011101000101011001000000011001100110101000110101100001100011101100100100111110011100111110100000110100101010011000111001110100000110010111010010100000011011110011011001101110001100011100110001100011000000010100000011100100100010001110111001000110100010111011100
110001000011001110000100010110000000101001010111011100011110101110111101101000010101111110100010010100110011010001000001110001001110010111000011000011001010000010110100100001101001011110111000100100010111000011011011100111000010000001101011010000000001100111011011110011010111010100000010011010111101011010010101111010011100100111000100011011110010000011000000010001010101101110011100
000111101110000011111110101011101000111000001011000011000001100100101010111001100101001101001111011011100000100010101000111000001101110100001110110100010000110110000011011101001111100111100111010110000110111110001000100001111000000100101110001111010001101100110010110100011101101011101001010101011001101001010101110100110101010000010110110000011000001111101101101110110000001001110011
110001111000010011100111001111001111111000000000010110001100000001110010000100001110011111010110110101111111010010101111101111100011011011011001110011010100101110100010100111010101110110001011010111111101110111000000001000100110101100111100010011110110010001101011101011010100100011001110010010111011101001001010100100010100101101101101000100010010100101011011100100010010000111001001
000000000001001001110110000011110100110001011101100100010001010100000000000011001001100111100100110101101111000011101011101110111100000010010011011101111100010010011010110110010101001111000101100100001000011110111010101001010000101011111101101000010100111111010110101110100111110000110110111101001110111111100000001011101100101010001111110000100101100100101000001000001101011110010100
