001100111000100011001110000110010011001011100010000011101001111110010111010110111001000011010110011010101000100000011101100011110101101111100111110111000010111101011001001111100101011111111111101011001010110001000100100101111101111000001010110010001000011001100011011101111101011110001000110001101011010100101011111010011010010011010001110110111111110001100111001001100110010110010110
000011011111011010000100100001011011010101001111100100001100011011001011011001100101111010100100110111111101010010010111001100110010001001100010001010000001001011001001111011111101001100001010100000000010011111001001010111100110010011010001011100000011111011011100110010000011111010101011101011000100111011001011101111010011011100001111010001010000110100100010011110011111001111111101
110100100011010110010000001111010010100111010111010101111011011011011000001011100100110000100001010001110110100000110111111000111010000110001001001010101001110110010110000101110010000100101100000000100000000111010011111001000000100001010000101010010001111101110100011101100001100100110001101000001000101010001100010001000110111001110011110101001111010110001101010111001110011000101100
010100010001011101001111100010110001001010000101010000010001010100011000001001110011111000101101000010101001110010111101001110111100101010111100100110010110001010011011111100010010001010010001011000111000101010001100100011010100100111000001011000100001111000101101100101111110001001000011000101101111001111110010101110001000011110100010101010100101110110011100010110000000001010011001
010111101111101111101000011100110001100001110110110000000000000000010000110110111100111010001111010100101010101000011110111110001101001010010011010011111011101011011100001101000000010111001101011001101100010011010000101101100110111000111001100000111001100110101101011110011010110010101001100001010000000100000011101011010000011111011000101000010111000111010011001101000001011010011010
101010000110110011111001100100011110100001010001100010110110100100111101010101110100111001000111101110000101011110000010001110001001100010001000110100001001110010001011011111010010000100111110010101000111010000011001011001001010111110001101010100011100011110110001000001100111111111111011001101101011010101010100000111110110001000111111010101011111001100011110001001111000011001010100
111000011110011110001111001111110000110100101101100101000011001111000110101011010110010001010011111111101001101101000101111101000111010010110101100101010000100001111100001000001110001110000001100100001100110101110011111001100110101101100111101011110010100101000111101001100000101100110100001100010101110011101110111010010100010000011101101011110001100011000110010101000101000011101111
101001000000000000010011110111101100110110110111100011101011000110110110000111010100011101100011011110010110100011000010101100000011100001011000011111001000110011100111101011101101111010111010110000010111111011011110000000100111110110111001000100111010010111101101010100110010101101100000000110011111011101100000010010111100010000110100000101101000100101111111111000110110101001100111
100110101100111100011000100001010110110101000100001111001001010110011001000101110100110111110001101011011101000011000001001010110100001111000011010110111000011010111111001111010111101011001110110010110111111110011010101000100000011010110001110001110101100100100010001000111011111001010010001011110011101100110011000010111010101000001101010010101001000011001011001110101011010101101011
011000111100001100001010000011110101100101010010001000101111001111101110010010100111110001000110101110000100111100110100100011000110110000000111110011111110001111000100011011111100110101110111001010111010010111011000101110011010000000011001100010101010101100010000010000000111111101100011010100000100000011100100100000100010001001110110111001001111011000010001001001010110100101100000
100010000001001100010110011001001110000010011100111011001000111001001000011111010100011111111110110110110001101001000011110100111111100101000101010110000100001101001011101001000111101110000010110011111111010010001011000110001110011010001110101011010010011100100010101001110111100101011000100001000111001000001100100011101001100101011111011101101000110010000001100001010110010111011001
110010000110011001110011100111110111010010000111111010011110111100001100010011001001000101000011101111001110000000100010110010111001100010010101011111011001011001000100001111111111111001110000000001011011000001110100101000001000110011100111000010001001011101110010001100101011001111001001001110000111001010001101011100110101001100001100001100010110000001100010011000111000101100011011
110100110000111000111001011100100011110101000100111001010000111110000000101000001101110001101011011111001100111100111101111001110111100110000000110101101000111010010111110011110010111001101110000110110111111101110001010010011101110001000011010101000010110110011111100010001010010011000011101100000110111011001010100110110001110100000110111110000101111100010101110111101011100011101101
100011101001100001010111010110010001101110100010000001100001110100010111100100111100100000000101101010111101101000101000000010110111111100111000011100011111001111011101001000011111110011110001111001101000001001110011000010011110000110101011101100000001010000111101001100010011111110100110011011111001010111001111001100111110010101001001101011101001111100101011011101110010010100101001
111111011110001010110000100001110101100101010001111001110001011000100011101100110100101010101011000111101000111100110000110110011110101000010001110111010000111110000101010010101101101110001100100111110111011110110110101001111000001000101101101010011101001000110011111101110101111001110100101111101000100001110111011111100011010100101000101101100111011111001010001001100100100101001011
110111101000011001000110010010111100010100011101001101111101110001110101100110011010100110011100011001010000010000000001110010101010011010000100110001111011111100101000000111110101000011110101001010100100001010101101100010010111101110111011000101011010001111000111011011011001100110110101111001001001101010100001010101100111111011100110101000101010110101011010001110001000011001110000
001000101000101100001111011111100111011110100010111110111100010101000110101010000110000100011010001110001101001000000010010011001001101100011011011011001011010111111000100100010011011011010000011000100100010010101100100101010011100110101000111101001110100111100011010000111101011111101000000110010110011000100110000101101011111000001111101001100111100001100111101000111110011110101010
101010111110101011010100001010011011000011000000101011101001110111000101101100100100100010100000110100101100000010001010001001101010010000110001000011100101101001011101001101000001000001111011100001001001111000101110011110111100101110000111011110100010110000111001110001001101111110101001000010110111101100000101100100010100001011101000100010110110100011010100110001100111011001010010
100010010111100101011110110110000001010111100101110101010011000111000000100010110100011001110011111111001001110001100110101011001110110001110100100010000111010101000101100110100011111101011000010100000100110011111000000010011000100000110110001110011110101111000110011110000001010000110100010001111010100111011101101101010110111010100100000110010010100011010111100111101101101111100011
000101010100100001001010101111000010000101100010000111110000011101100110010111000110011100110011101101101010110100111111101011001111100011110100110010110110000100110100101010100110111100010001010110111111001000101000001001111000000000101010110001110000111001101011111100100111010111100000100001010100111011001001001011000101011101101111011110011110111001101111100101010000000011001101
001111000100110000011101011001010110011000000110010011000110011000010100111111010000110111111101010100000010101010100010000010101011000101100110110011111111100010010111001110110110001111100001010101001100010111101101000011000010101001101101011111011011001010101101000010100100111011101100010100011000101111000100000001000011100011100110101101110100110011101001100011000110011110001101
110000100000001110011000101110011111000100100010101101001010101110111110110011111100100010001011101000001100111001100100010011100001010011010011010110010001010110101011100000100001010100100100110010011110100010101100111111101100100011000110000111011000100000100100001110010000001001011001011101001000111001111001101111000010001001100111000011001110101001110100001010011010011101000010
000100011110010110001000101010001111000111110011001001000000010111011000011100011100100100010011010011001000011100001110000100101100100011100100110001010011010100110110010111111111101110000110111010011011001010001000100101011101000110100011000011001100110100111011111111010101001000110011001000101010110011000000010101110101100110100110001111000011001001000110000111001011100100010000
101001001101110000101000100100011000101101000111111011000100110011111011000110100110111001011111100101010001100101000011001111110010011111110111100001011000010111000100000011000111111001101101010000011100011011111110001101011110001110001010100010100101010110001001100010011001010101100101101101100110101110001000100101110110011101010000001001001010100110000010110001001110010000110110
010001100111101111111111011100110100110101011100101110000110000110100001011011010101111110010110011101111110111000010000101100000000011110010110101101000001111110110000111010100011000010110110010101111010110110001010010011010110100101011100010011110101001000100001010110000010101001100101001011000110100100111100111011000011111010111001010101110101000001011110010010111111100110101110
111101101000010000101110111101111101011001111001110010110111010110001101100111010100011000000100010101110000010101011001000100111001110011010101100001010100011110111000011000010101011001000100100101010100011111101100110111011100001101110101000001001010011101111101011111010011101101110010111000001110001101011100001101011110111000101011111100100110100111010101100000010010000011001010
001010101101001010111101001100011111010000111000111000100100011011101110010000100111010010000100110100110011110100001100001100101000101001011011010010101010101011101101011010100110101100100100100001110101000001000111011111110111000010010011001101010100110100001010110000000010001111010110010110100101001100111001010010010010010110100111010101010000000100010001111010001010110000011001
010010010110011011110000000110000111010001010110010100011111011010100011111000110101101001010000001000000011100011000011010011011111011001111010110110010101111110100010000110010100010101111010100110010001101011010010001011001100001010100000100001111101110001010101111100111100001010001010001100110110100100010000101101000000101110000101000111000010010011011101000010010110100110111111
001100101010111000011100000000000111010100011101110000111010101011010100110011111111111011100111001100100010111000111011000111100110110010101011101101011100111011111110000010110010111110101000100100110010100110001110000010100111010010000100010000110010001100111110111011111001011001001101010010101001011011001110100111111100001010010010100111010000101001111111010101101011000110111110
001000011011001101111001110110111110000100010000110100100010011010001011011110010000011001101010110111000001001010101001001111100010000010100111011111000001011111110111001011000010000111010000010101000111000011101111001111000001100000010001000010001000100110100100110101111101001100011111011101110110010111111101000001100000000000011010010100100000110110110110000010011011101101011000
101111001111001100010001101010110010100110110010100000000001010110111001010001101100100101110000101111110111010011000011110000110000010100000001010011010110011001100101010010101101110100000001100110101111001110110100010110110110110111111100011001111101100010000100101111001010001000010001000001101100111011100001010010100011100110010001110010010010010001100011011101010111001001010011
100010100010110100101011111011111111011000101111111000110010100111101101111000111110000101111111011000111110000111100011010110110110001001000111000101110011000001110110110111011000111101000111000000110001000001110010100000011000111010100101010001000000100010101111000001010111001101101101001010011000011101001000011111100100111101011000100001011101100100010000011010000000000110111101
110010010110111100110101000011001000101101111011100011110011110010100100010111010001110110100011011000111011110011100010000011000100001101010001010111010110100111101111010100010001000001111000100101000111000001001101000110000101100101111010110101001101011100011101001000001000100101001111111001101000100011100100100111110111010100001111110101110100001001111001000111110110110011011001
100000000000011000000111101011101010010001011110101011101010000101101000111111011010001101001010010100111001110000110100010011100011111110011110110100110000000100101001010000011001100101110000110101101011011000001011001010101010001100010101110010010110010100001100011100010001010100101101101111110110000111001100001001001001101010101100001010010001101010110000000011111110110110011110
010101001101101111001100100000000010110001111101101110011110011111001010010111010011110100010010011111110100111001110000110100010101110100000000001111110111100011101010001000100100010010111110100101010111110101111111101000111001010011110110110010110001011110110001001010111000011100101110011010100111110000110011111011001010100100000101110011011000000100100011111001000110011001101000
110111110001000011111101101110001000000011100101111001011011010010001010100111101110011101101000100001111011100111110101111010100100001101101001101010000001011111001111100111100111111110111011010000110110010111100100011101101100101100110110101010000110010010000011000100100101110010001100100101101010000010010110000000100010001011110011000010101001011110001110001100001000111010000001
101000110111110110010110110100101000111001110010110000011011110011011100100111110100111110010100100111110110010010111101100010101011101110101100011000100011110001000110101010011111110011001001100000111100011110100111101100100001001101011101001011001110101110001001111001100100001100110010000110100010011101111011001100011110001101111001000000101110010010000000111011011111111010110000
100100100111010111101000000101110101101111011001101010111101000001111011101001110101000111011001000010100101011010000110011010111100001111100101001001101111100111001111100010000100100000010010110011010010111010001000111011101011001100100111111101100001011010101011110110111010111111011001101100101111011101101100100001001010111000111011101011011010101010111000100100000010011011000101
001111011110001000101010101000010101101001110111110111101110101100010100101101111101001111100111111000010011111011110000000101001001000111100101011010100000111111101100000101011010000010011000100101100000110001011111111110001100010101000001010010111010001111010000011110000101101010010110100111110000111100001000010011111110010011110000001001000001101111010101110101100001001001100011
110100110110000001110000110010000011110110000111110101100001001010011000011001001101100101101101100110101001110000001000101000111011100011101000110110110100101010011000110110111000011011011001000111100100110100110110000110010011111010001110100001101100100011010100010101000101101010101000000011010101001101110111101001110000111111110001111111011001011111011000001010110110010010111001
100110100101111001101101100111000011101110000100111111110011101010001111101101000001010111111010000100110001100001000100100001011111111101101100100000100101111011000010101111000111110100100000101010111010010110001111001110110100011110011001011110110110000100010110101001010001010111101001000111101111111010000011111000110111110111100111101111100001010000101110101011001111110101100110
100110110101111101011111111100100100011110100100100000101100100000010000100010100110010000011000111111100011101000110011000100101101001100110101111110101001010001011101010010000000001011001010011000101101100011000101001111001000100101000011000001100011010110111000010111001001010001111111000001001001101011110001001010111100011011101001111100011011000000000100001000010000010000100011
001111000110101010011110011111010110101111011011001001001010101011010001101010010000110011000011011001110100010100110110101000001101110010010011000001111010000001010001000100110000100101110101110100011010010101110010100011111000111011001001111011001101000001011100000111010011011011000100000000000110001000000101101110000110010111110111110000011001110100010100010011110101000001010100
010110100001100000010001100111101000001001111010000111110001011110010001100100001001001110000100000110100110110000010100010111000000110111010010100010110000011110100000001010111010010010011111101101001111111011011010000001000110100100101110111101000000100010110110001011100000101001001010111011110000111111010100000010000010101101010000100000110101111010001010001110100101100011011000
101101110111011101001101110100100011001001001101100101011011001001000010010001011001111111000011000000111001011001000110010100110101011011000010000000111000000111001000110110001101001111000101101010010101100101101001001110101010011100110001001000111000001111010010101000110011001010111010001100011101010010000111101000101100011100001000010010110001001101111100100010110010000101100001
110001110100111111010101000100110011101100100101011001110001111001111101110010000000000111001101010111010110011000101010101111101111010011011010101100110001001001010011100001011110010011001100000100111101000011100011101001110000001100010110100110011011000110110100011000110010110110110000000111100000000011011000100011001010000110000001011011101111100100100111001011100111110101110100
